"trial_number","layer_from","node_from","layer_to","node_to"
414,1,50,"13",50
414,1,50,"2",50
414,1,50,"4",50
414,1,50,"5",50
414,1,50,"7",50
414,1,50,"8",50
414,1,50,"9",50
414,1,170,"11",170
414,1,170,"12",170
414,1,170,"13",170
414,1,170,"3",170
414,1,170,"4",170
414,1,170,"5",170
414,1,170,"6",170
414,1,170,"7",170
414,1,170,"8",170
414,1,170,"9",170
414,1,55,"10",55
414,1,55,"12",55
414,1,55,"13",55
414,1,55,"14",55
414,1,55,"2",55
414,1,55,"3",55
414,1,55,"4",55
414,1,55,"5",55
414,1,55,"7",55
414,1,55,"8",55
414,1,104,"10",104
414,1,203,"2",203
414,1,192,"10",192
414,1,192,"14",192
414,1,192,"2",192
414,1,192,"3",192
414,1,258,"7",258
414,1,284,"10",284
414,1,284,"12",284
414,1,284,"13",284
414,1,284,"2",284
414,1,284,"3",284
414,1,284,"4",284
414,1,284,"6",284
414,1,284,"9",284
414,1,199,"12",199
414,1,199,"4",199
414,1,199,"6",199
414,1,88,"13",88
414,1,86,"12",86
414,1,274,"10",274
414,1,274,"11",274
414,1,274,"12",274
414,1,274,"13",274
414,1,274,"14",274
414,1,274,"2",274
414,1,274,"4",274
414,1,274,"6",274
414,1,274,"7",274
414,1,274,"8",274
414,1,274,"9",274
414,1,175,"11",175
414,1,62,"10",62
414,1,62,"12",62
414,1,145,"4",145
414,1,108,"14",108
414,1,136,"3",136
414,1,136,"6",136
414,1,136,"9",136
414,1,193,"10",193
414,1,111,"10",111
414,1,111,"12",111
414,1,111,"2",111
414,1,111,"3",111
414,1,111,"4",111
414,1,111,"5",111
414,1,163,"10",163
414,1,163,"11",163
414,1,163,"12",163
414,1,163,"13",163
414,1,163,"14",163
414,1,163,"2",163
414,1,163,"3",163
414,1,163,"7",163
414,1,163,"9",163
414,1,72,"10",72
414,1,141,"13",141
414,1,141,"6",141
414,1,141,"7",141
414,1,141,"8",141
414,1,141,"9",141
414,1,236,"8",236
414,1,254,"12",254
414,1,254,"5",254
414,1,254,"7",254
414,1,107,"10",107
414,1,226,"2",226
414,1,95,"8",95
414,1,232,"14",232
414,1,275,"10",275
414,1,275,"11",275
414,1,275,"12",275
414,1,275,"14",275
414,1,275,"2",275
414,1,275,"3",275
414,1,275,"4",275
414,1,275,"5",275
414,1,275,"6",275
414,1,275,"8",275
414,1,275,"9",275
414,1,92,"11",92
414,1,92,"12",92
414,1,92,"13",92
414,1,92,"14",92
414,1,92,"2",92
414,1,92,"3",92
414,1,92,"4",92
414,1,92,"5",92
414,1,92,"6",92
414,1,92,"9",92
414,10,243,"12",243
414,10,243,"3",243
414,10,243,"6",243
414,10,104,"1",104
414,10,55,"1",55
414,10,55,"12",55
414,10,55,"13",55
414,10,55,"14",55
414,10,55,"2",55
414,10,55,"3",55
414,10,55,"4",55
414,10,55,"5",55
414,10,55,"7",55
414,10,55,"8",55
414,10,62,"1",62
414,10,62,"12",62
414,10,274,"1",274
414,10,274,"11",274
414,10,274,"12",274
414,10,274,"13",274
414,10,274,"14",274
414,10,274,"2",274
414,10,274,"4",274
414,10,274,"6",274
414,10,274,"7",274
414,10,274,"8",274
414,10,274,"9",274
414,10,189,"7",189
414,10,215,"11",215
414,10,215,"8",215
414,10,234,"14",234
414,10,59,"3",59
414,10,73,"11",73
414,10,73,"5",73
414,10,163,"1",163
414,10,163,"11",163
414,10,163,"12",163
414,10,163,"13",163
414,10,163,"14",163
414,10,163,"2",163
414,10,163,"3",163
414,10,163,"7",163
414,10,163,"9",163
414,10,192,"1",192
414,10,192,"14",192
414,10,192,"2",192
414,10,192,"3",192
414,10,72,"1",72
414,10,206,"9",206
414,10,111,"1",111
414,10,111,"12",111
414,10,111,"2",111
414,10,111,"3",111
414,10,111,"4",111
414,10,111,"5",111
414,10,217,"3",217
414,10,217,"6",217
414,10,217,"7",217
414,10,217,"9",217
414,10,60,"12",60
414,10,60,"13",60
414,10,60,"2",60
414,10,60,"3",60
414,10,60,"5",60
414,10,60,"8",60
414,10,60,"9",60
414,10,202,"4",202
414,10,193,"1",193
414,10,107,"1",107
414,10,242,"12",242
414,10,242,"13",242
414,10,242,"14",242
414,10,242,"3",242
414,10,242,"4",242
414,10,242,"9",242
414,10,112,"3",112
414,10,266,"12",266
414,10,266,"3",266
414,10,176,"8",176
414,10,284,"1",284
414,10,284,"12",284
414,10,284,"13",284
414,10,284,"2",284
414,10,284,"3",284
414,10,284,"4",284
414,10,284,"6",284
414,10,284,"9",284
414,10,187,"11",187
414,10,187,"14",187
414,10,187,"2",187
414,10,187,"3",187
414,10,187,"4",187
414,10,187,"5",187
414,10,187,"6",187
414,10,187,"8",187
414,10,187,"9",187
414,10,216,"12",216
414,10,216,"14",216
414,10,216,"2",216
414,10,216,"5",216
414,10,216,"6",216
414,10,216,"7",216
414,10,275,"1",275
414,10,275,"11",275
414,10,275,"12",275
414,10,275,"14",275
414,10,275,"2",275
414,10,275,"3",275
414,10,275,"4",275
414,10,275,"5",275
414,10,275,"6",275
414,10,275,"8",275
414,10,275,"9",275
414,10,54,"2",54
414,11,49,"4",49
414,11,163,"1",163
414,11,163,"10",163
414,11,163,"12",163
414,11,163,"13",163
414,11,163,"14",163
414,11,163,"2",163
414,11,163,"3",163
414,11,163,"7",163
414,11,163,"9",163
414,11,194,"12",194
414,11,276,"12",276
414,11,276,"3",276
414,11,276,"6",276
414,11,230,"13",230
414,11,275,"1",275
414,11,275,"10",275
414,11,275,"12",275
414,11,275,"14",275
414,11,275,"2",275
414,11,275,"3",275
414,11,275,"4",275
414,11,275,"5",275
414,11,275,"6",275
414,11,275,"8",275
414,11,275,"9",275
414,11,274,"1",274
414,11,274,"10",274
414,11,274,"12",274
414,11,274,"13",274
414,11,274,"14",274
414,11,274,"2",274
414,11,274,"4",274
414,11,274,"6",274
414,11,274,"7",274
414,11,274,"8",274
414,11,274,"9",274
414,11,238,"4",238
414,11,238,"6",238
414,11,238,"9",238
414,11,215,"10",215
414,11,215,"8",215
414,11,92,"1",92
414,11,92,"12",92
414,11,92,"13",92
414,11,92,"14",92
414,11,92,"2",92
414,11,92,"3",92
414,11,92,"4",92
414,11,92,"5",92
414,11,92,"6",92
414,11,92,"9",92
414,11,210,"14",210
414,11,187,"10",187
414,11,187,"14",187
414,11,187,"2",187
414,11,187,"3",187
414,11,187,"4",187
414,11,187,"5",187
414,11,187,"6",187
414,11,187,"8",187
414,11,187,"9",187
414,11,138,"12",138
414,11,138,"13",138
414,11,138,"4",138
414,11,138,"6",138
414,11,138,"9",138
414,11,99,"5",99
414,11,137,"14",137
414,11,175,"1",175
414,11,73,"10",73
414,11,73,"5",73
414,11,76,"8",76
414,11,44,"14",44
414,11,44,"3",44
414,11,44,"6",44
414,11,44,"8",44
414,11,165,"13",165
414,11,165,"14",165
414,11,165,"2",165
414,11,165,"3",165
414,11,165,"4",165
414,11,165,"5",165
414,11,165,"6",165
414,11,165,"7",165
414,11,165,"9",165
414,11,126,"3",126
414,11,126,"4",126
414,11,126,"8",126
414,11,126,"9",126
414,11,241,"3",241
414,11,241,"8",241
414,11,190,"14",190
414,11,190,"5",190
414,11,170,"1",170
414,11,170,"12",170
414,11,170,"13",170
414,11,170,"3",170
414,11,170,"4",170
414,11,170,"5",170
414,11,170,"6",170
414,11,170,"7",170
414,11,170,"8",170
414,11,170,"9",170
414,12,275,"1",275
414,12,275,"10",275
414,12,275,"11",275
414,12,275,"14",275
414,12,275,"2",275
414,12,275,"3",275
414,12,275,"4",275
414,12,275,"5",275
414,12,275,"6",275
414,12,275,"8",275
414,12,275,"9",275
414,12,170,"1",170
414,12,170,"11",170
414,12,170,"13",170
414,12,170,"3",170
414,12,170,"4",170
414,12,170,"5",170
414,12,170,"6",170
414,12,170,"7",170
414,12,170,"8",170
414,12,170,"9",170
414,12,276,"11",276
414,12,276,"3",276
414,12,276,"6",276
414,12,274,"1",274
414,12,274,"10",274
414,12,274,"11",274
414,12,274,"13",274
414,12,274,"14",274
414,12,274,"2",274
414,12,274,"4",274
414,12,274,"6",274
414,12,274,"7",274
414,12,274,"8",274
414,12,274,"9",274
414,12,243,"10",243
414,12,243,"3",243
414,12,243,"6",243
414,12,92,"1",92
414,12,92,"11",92
414,12,92,"13",92
414,12,92,"14",92
414,12,92,"2",92
414,12,92,"3",92
414,12,92,"4",92
414,12,92,"5",92
414,12,92,"6",92
414,12,92,"9",92
414,12,163,"1",163
414,12,163,"10",163
414,12,163,"11",163
414,12,163,"13",163
414,12,163,"14",163
414,12,163,"2",163
414,12,163,"3",163
414,12,163,"7",163
414,12,163,"9",163
414,12,60,"10",60
414,12,60,"13",60
414,12,60,"2",60
414,12,60,"3",60
414,12,60,"5",60
414,12,60,"8",60
414,12,60,"9",60
414,12,254,"1",254
414,12,254,"5",254
414,12,254,"7",254
414,12,55,"1",55
414,12,55,"10",55
414,12,55,"13",55
414,12,55,"14",55
414,12,55,"2",55
414,12,55,"3",55
414,12,55,"4",55
414,12,55,"5",55
414,12,55,"7",55
414,12,55,"8",55
414,12,80,"7",80
414,12,106,"2",106
414,12,86,"1",86
414,12,115,"13",115
414,12,115,"8",115
414,12,216,"10",216
414,12,216,"14",216
414,12,216,"2",216
414,12,216,"5",216
414,12,216,"6",216
414,12,216,"7",216
414,12,91,"3",91
414,12,194,"11",194
414,12,199,"1",199
414,12,199,"4",199
414,12,199,"6",199
414,12,111,"1",111
414,12,111,"10",111
414,12,111,"2",111
414,12,111,"3",111
414,12,111,"4",111
414,12,111,"5",111
414,12,273,"14",273
414,12,242,"10",242
414,12,242,"13",242
414,12,242,"14",242
414,12,242,"3",242
414,12,242,"4",242
414,12,242,"9",242
414,12,284,"1",284
414,12,284,"10",284
414,12,284,"13",284
414,12,284,"2",284
414,12,284,"3",284
414,12,284,"4",284
414,12,284,"6",284
414,12,284,"9",284
414,12,131,"3",131
414,12,235,"13",235
414,12,235,"14",235
414,12,235,"2",235
414,12,235,"8",235
414,12,266,"10",266
414,12,266,"3",266
414,12,138,"11",138
414,12,138,"13",138
414,12,138,"4",138
414,12,138,"6",138
414,12,138,"9",138
414,12,255,"14",255
414,12,255,"7",255
414,12,62,"1",62
414,12,62,"10",62
414,13,230,"11",230
414,13,115,"12",115
414,13,115,"8",115
414,13,270,"3",270
414,13,270,"6",270
414,13,270,"7",270
414,13,163,"1",163
414,13,163,"10",163
414,13,163,"11",163
414,13,163,"12",163
414,13,163,"14",163
414,13,163,"2",163
414,13,163,"3",163
414,13,163,"7",163
414,13,163,"9",163
414,13,138,"11",138
414,13,138,"12",138
414,13,138,"4",138
414,13,138,"6",138
414,13,138,"9",138
414,13,239,"2",239
414,13,239,"6",239
414,13,239,"8",239
414,13,88,"1",88
414,13,284,"1",284
414,13,284,"10",284
414,13,284,"12",284
414,13,284,"2",284
414,13,284,"3",284
414,13,284,"4",284
414,13,284,"6",284
414,13,284,"9",284
414,13,165,"11",165
414,13,165,"14",165
414,13,165,"2",165
414,13,165,"3",165
414,13,165,"4",165
414,13,165,"5",165
414,13,165,"6",165
414,13,165,"7",165
414,13,165,"9",165
414,13,87,"9",87
414,13,92,"1",92
414,13,92,"11",92
414,13,92,"12",92
414,13,92,"14",92
414,13,92,"2",92
414,13,92,"3",92
414,13,92,"4",92
414,13,92,"5",92
414,13,92,"6",92
414,13,92,"9",92
414,13,274,"1",274
414,13,274,"10",274
414,13,274,"11",274
414,13,274,"12",274
414,13,274,"14",274
414,13,274,"2",274
414,13,274,"4",274
414,13,274,"6",274
414,13,274,"7",274
414,13,274,"8",274
414,13,274,"9",274
414,13,242,"10",242
414,13,242,"12",242
414,13,242,"14",242
414,13,242,"3",242
414,13,242,"4",242
414,13,242,"9",242
414,13,272,"5",272
414,13,141,"1",141
414,13,141,"6",141
414,13,141,"7",141
414,13,141,"8",141
414,13,141,"9",141
414,13,170,"1",170
414,13,170,"11",170
414,13,170,"12",170
414,13,170,"3",170
414,13,170,"4",170
414,13,170,"5",170
414,13,170,"6",170
414,13,170,"7",170
414,13,170,"8",170
414,13,170,"9",170
414,13,50,"1",50
414,13,50,"2",50
414,13,50,"4",50
414,13,50,"5",50
414,13,50,"7",50
414,13,50,"8",50
414,13,50,"9",50
414,13,101,"2",101
414,13,101,"4",101
414,13,101,"5",101
414,13,101,"6",101
414,13,101,"8",101
414,13,55,"1",55
414,13,55,"10",55
414,13,55,"12",55
414,13,55,"14",55
414,13,55,"2",55
414,13,55,"3",55
414,13,55,"4",55
414,13,55,"5",55
414,13,55,"7",55
414,13,55,"8",55
414,13,140,"3",140
414,13,140,"4",140
414,13,235,"12",235
414,13,235,"14",235
414,13,235,"2",235
414,13,235,"8",235
414,13,159,"2",159
414,13,211,"2",211
414,13,211,"8",211
414,13,211,"9",211
414,13,60,"10",60
414,13,60,"12",60
414,13,60,"2",60
414,13,60,"3",60
414,13,60,"5",60
414,13,60,"8",60
414,13,60,"9",60
414,13,52,"9",52
414,14,108,"1",108
414,14,137,"11",137
414,14,181,"8",181
414,14,166,"8",166
414,14,192,"1",192
414,14,192,"10",192
414,14,192,"2",192
414,14,192,"3",192
414,14,216,"10",216
414,14,216,"12",216
414,14,216,"2",216
414,14,216,"5",216
414,14,216,"6",216
414,14,216,"7",216
414,14,190,"11",190
414,14,190,"5",190
414,14,165,"11",165
414,14,165,"13",165
414,14,165,"2",165
414,14,165,"3",165
414,14,165,"4",165
414,14,165,"5",165
414,14,165,"6",165
414,14,165,"7",165
414,14,165,"9",165
414,14,255,"12",255
414,14,255,"7",255
414,14,92,"1",92
414,14,92,"11",92
414,14,92,"12",92
414,14,92,"13",92
414,14,92,"2",92
414,14,92,"3",92
414,14,92,"4",92
414,14,92,"5",92
414,14,92,"6",92
414,14,92,"9",92
414,14,44,"11",44
414,14,44,"3",44
414,14,44,"6",44
414,14,44,"8",44
414,14,210,"11",210
414,14,187,"10",187
414,14,187,"11",187
414,14,187,"2",187
414,14,187,"3",187
414,14,187,"4",187
414,14,187,"5",187
414,14,187,"6",187
414,14,187,"8",187
414,14,187,"9",187
414,14,135,"3",135
414,14,98,"3",98
414,14,98,"8",98
414,14,235,"12",235
414,14,235,"13",235
414,14,235,"2",235
414,14,235,"8",235
414,14,275,"1",275
414,14,275,"10",275
414,14,275,"11",275
414,14,275,"12",275
414,14,275,"2",275
414,14,275,"3",275
414,14,275,"4",275
414,14,275,"5",275
414,14,275,"6",275
414,14,275,"8",275
414,14,275,"9",275
414,14,232,"1",232
414,14,77,"7",77
414,14,264,"2",264
414,14,242,"10",242
414,14,242,"12",242
414,14,242,"13",242
414,14,242,"3",242
414,14,242,"4",242
414,14,242,"9",242
414,14,163,"1",163
414,14,163,"10",163
414,14,163,"11",163
414,14,163,"12",163
414,14,163,"13",163
414,14,163,"2",163
414,14,163,"3",163
414,14,163,"7",163
414,14,163,"9",163
414,14,146,"6",146
414,14,273,"12",273
414,14,55,"1",55
414,14,55,"10",55
414,14,55,"12",55
414,14,55,"13",55
414,14,55,"2",55
414,14,55,"3",55
414,14,55,"4",55
414,14,55,"5",55
414,14,55,"7",55
414,14,55,"8",55
414,14,265,"2",265
414,14,274,"1",274
414,14,274,"10",274
414,14,274,"11",274
414,14,274,"12",274
414,14,274,"13",274
414,14,274,"2",274
414,14,274,"4",274
414,14,274,"6",274
414,14,274,"7",274
414,14,274,"8",274
414,14,274,"9",274
414,14,234,"10",234
414,2,55,"1",55
414,2,55,"10",55
414,2,55,"12",55
414,2,55,"13",55
414,2,55,"14",55
414,2,55,"3",55
414,2,55,"4",55
414,2,55,"5",55
414,2,55,"7",55
414,2,55,"8",55
414,2,50,"1",50
414,2,50,"13",50
414,2,50,"4",50
414,2,50,"5",50
414,2,50,"7",50
414,2,50,"8",50
414,2,50,"9",50
414,2,275,"1",275
414,2,275,"10",275
414,2,275,"11",275
414,2,275,"12",275
414,2,275,"14",275
414,2,275,"3",275
414,2,275,"4",275
414,2,275,"5",275
414,2,275,"6",275
414,2,275,"8",275
414,2,275,"9",275
414,2,226,"1",226
414,2,159,"13",159
414,2,225,"5",225
414,2,225,"7",225
414,2,60,"10",60
414,2,60,"12",60
414,2,60,"13",60
414,2,60,"3",60
414,2,60,"5",60
414,2,60,"8",60
414,2,60,"9",60
414,2,211,"13",211
414,2,211,"8",211
414,2,211,"9",211
414,2,265,"14",265
414,2,106,"12",106
414,2,187,"10",187
414,2,187,"11",187
414,2,187,"14",187
414,2,187,"3",187
414,2,187,"4",187
414,2,187,"5",187
414,2,187,"6",187
414,2,187,"8",187
414,2,187,"9",187
414,2,264,"14",264
414,2,203,"1",203
414,2,54,"10",54
414,2,101,"13",101
414,2,101,"4",101
414,2,101,"5",101
414,2,101,"6",101
414,2,101,"8",101
414,2,274,"1",274
414,2,274,"10",274
414,2,274,"11",274
414,2,274,"12",274
414,2,274,"13",274
414,2,274,"14",274
414,2,274,"4",274
414,2,274,"6",274
414,2,274,"7",274
414,2,274,"8",274
414,2,274,"9",274
414,2,40,"6",40
414,2,284,"1",284
414,2,284,"10",284
414,2,284,"12",284
414,2,284,"13",284
414,2,284,"3",284
414,2,284,"4",284
414,2,284,"6",284
414,2,284,"9",284
414,2,103,"4",103
414,2,130,"7",130
414,2,130,"8",130
414,2,192,"1",192
414,2,192,"10",192
414,2,192,"14",192
414,2,192,"3",192
414,2,165,"11",165
414,2,165,"13",165
414,2,165,"14",165
414,2,165,"3",165
414,2,165,"4",165
414,2,165,"5",165
414,2,165,"6",165
414,2,165,"7",165
414,2,165,"9",165
414,2,239,"13",239
414,2,239,"6",239
414,2,239,"8",239
414,2,212,"8",212
414,2,84,"7",84
414,2,111,"1",111
414,2,111,"10",111
414,2,111,"12",111
414,2,111,"3",111
414,2,111,"4",111
414,2,111,"5",111
414,2,163,"1",163
414,2,163,"10",163
414,2,163,"11",163
414,2,163,"12",163
414,2,163,"13",163
414,2,163,"14",163
414,2,163,"3",163
414,2,163,"7",163
414,2,163,"9",163
414,2,56,"4",56
414,2,56,"6",56
414,2,56,"7",56
414,2,216,"10",216
414,2,216,"12",216
414,2,216,"14",216
414,2,216,"5",216
414,2,216,"6",216
414,2,216,"7",216
414,2,235,"12",235
414,2,235,"13",235
414,2,235,"14",235
414,2,235,"8",235
414,2,167,"7",167
414,2,139,"4",139
414,2,139,"5",139
414,2,92,"1",92
414,2,92,"11",92
414,2,92,"12",92
414,2,92,"13",92
414,2,92,"14",92
414,2,92,"3",92
414,2,92,"4",92
414,2,92,"5",92
414,2,92,"6",92
414,2,92,"9",92
414,2,143,"3",143
414,3,140,"13",140
414,3,140,"4",140
414,3,270,"13",270
414,3,270,"6",270
414,3,270,"7",270
414,3,111,"1",111
414,3,111,"10",111
414,3,111,"12",111
414,3,111,"2",111
414,3,111,"4",111
414,3,111,"5",111
414,3,55,"1",55
414,3,55,"10",55
414,3,55,"12",55
414,3,55,"13",55
414,3,55,"14",55
414,3,55,"2",55
414,3,55,"4",55
414,3,55,"5",55
414,3,55,"7",55
414,3,55,"8",55
414,3,163,"1",163
414,3,163,"10",163
414,3,163,"11",163
414,3,163,"12",163
414,3,163,"13",163
414,3,163,"14",163
414,3,163,"2",163
414,3,163,"7",163
414,3,163,"9",163
414,3,91,"12",91
414,3,170,"1",170
414,3,170,"11",170
414,3,170,"12",170
414,3,170,"13",170
414,3,170,"4",170
414,3,170,"5",170
414,3,170,"6",170
414,3,170,"7",170
414,3,170,"8",170
414,3,170,"9",170
414,3,112,"10",112
414,3,59,"10",59
414,3,136,"1",136
414,3,136,"6",136
414,3,136,"9",136
414,3,44,"11",44
414,3,44,"14",44
414,3,44,"6",44
414,3,44,"8",44
414,3,187,"10",187
414,3,187,"11",187
414,3,187,"14",187
414,3,187,"2",187
414,3,187,"4",187
414,3,187,"5",187
414,3,187,"6",187
414,3,187,"8",187
414,3,187,"9",187
414,3,213,"5",213
414,3,192,"1",192
414,3,192,"10",192
414,3,192,"14",192
414,3,192,"2",192
414,3,262,"9",262
414,3,284,"1",284
414,3,284,"10",284
414,3,284,"12",284
414,3,284,"13",284
414,3,284,"2",284
414,3,284,"4",284
414,3,284,"6",284
414,3,284,"9",284
414,3,81,"8",81
414,3,81,"9",81
414,3,242,"10",242
414,3,242,"12",242
414,3,242,"13",242
414,3,242,"14",242
414,3,242,"4",242
414,3,242,"9",242
414,3,217,"10",217
414,3,217,"6",217
414,3,217,"7",217
414,3,217,"9",217
414,3,275,"1",275
414,3,275,"10",275
414,3,275,"11",275
414,3,275,"12",275
414,3,275,"14",275
414,3,275,"2",275
414,3,275,"4",275
414,3,275,"5",275
414,3,275,"6",275
414,3,275,"8",275
414,3,275,"9",275
414,3,165,"11",165
414,3,165,"13",165
414,3,165,"14",165
414,3,165,"2",165
414,3,165,"4",165
414,3,165,"5",165
414,3,165,"6",165
414,3,165,"7",165
414,3,165,"9",165
414,3,276,"11",276
414,3,276,"12",276
414,3,276,"6",276
414,3,98,"14",98
414,3,98,"8",98
414,3,60,"10",60
414,3,60,"12",60
414,3,60,"13",60
414,3,60,"2",60
414,3,60,"5",60
414,3,60,"8",60
414,3,60,"9",60
414,3,266,"10",266
414,3,266,"12",266
414,3,135,"14",135
414,3,126,"11",126
414,3,126,"4",126
414,3,126,"8",126
414,3,126,"9",126
414,3,243,"10",243
414,3,243,"12",243
414,3,243,"6",243
414,3,131,"12",131
414,3,143,"2",143
414,3,241,"11",241
414,3,241,"8",241
414,3,92,"1",92
414,3,92,"11",92
414,3,92,"12",92
414,3,92,"13",92
414,3,92,"14",92
414,3,92,"2",92
414,3,92,"4",92
414,3,92,"5",92
414,3,92,"6",92
414,3,92,"9",92
414,4,207,"8",207
414,4,50,"1",50
414,4,50,"13",50
414,4,50,"2",50
414,4,50,"5",50
414,4,50,"7",50
414,4,50,"8",50
414,4,50,"9",50
414,4,284,"1",284
414,4,284,"10",284
414,4,284,"12",284
414,4,284,"13",284
414,4,284,"2",284
414,4,284,"3",284
414,4,284,"6",284
414,4,284,"9",284
414,4,126,"11",126
414,4,126,"3",126
414,4,126,"8",126
414,4,126,"9",126
414,4,199,"1",199
414,4,199,"12",199
414,4,199,"6",199
414,4,140,"13",140
414,4,140,"3",140
414,4,238,"11",238
414,4,238,"6",238
414,4,238,"9",238
414,4,187,"10",187
414,4,187,"11",187
414,4,187,"14",187
414,4,187,"2",187
414,4,187,"3",187
414,4,187,"5",187
414,4,187,"6",187
414,4,187,"8",187
414,4,187,"9",187
414,4,55,"1",55
414,4,55,"10",55
414,4,55,"12",55
414,4,55,"13",55
414,4,55,"14",55
414,4,55,"2",55
414,4,55,"3",55
414,4,55,"5",55
414,4,55,"7",55
414,4,55,"8",55
414,4,139,"2",139
414,4,139,"5",139
414,4,101,"13",101
414,4,101,"2",101
414,4,101,"5",101
414,4,101,"6",101
414,4,101,"8",101
414,4,242,"10",242
414,4,242,"12",242
414,4,242,"13",242
414,4,242,"14",242
414,4,242,"3",242
414,4,242,"9",242
414,4,170,"1",170
414,4,170,"11",170
414,4,170,"12",170
414,4,170,"13",170
414,4,170,"3",170
414,4,170,"5",170
414,4,170,"6",170
414,4,170,"7",170
414,4,170,"8",170
414,4,170,"9",170
414,4,165,"11",165
414,4,165,"13",165
414,4,165,"14",165
414,4,165,"2",165
414,4,165,"3",165
414,4,165,"5",165
414,4,165,"6",165
414,4,165,"7",165
414,4,165,"9",165
414,4,49,"11",49
414,4,56,"2",56
414,4,56,"6",56
414,4,56,"7",56
414,4,275,"1",275
414,4,275,"10",275
414,4,275,"11",275
414,4,275,"12",275
414,4,275,"14",275
414,4,275,"2",275
414,4,275,"3",275
414,4,275,"5",275
414,4,275,"6",275
414,4,275,"8",275
414,4,275,"9",275
414,4,111,"1",111
414,4,111,"10",111
414,4,111,"12",111
414,4,111,"2",111
414,4,111,"3",111
414,4,111,"5",111
414,4,103,"2",103
414,4,274,"1",274
414,4,274,"10",274
414,4,274,"11",274
414,4,274,"12",274
414,4,274,"13",274
414,4,274,"14",274
414,4,274,"2",274
414,4,274,"6",274
414,4,274,"7",274
414,4,274,"8",274
414,4,274,"9",274
414,4,202,"10",202
414,4,45,"7",45
414,4,92,"1",92
414,4,92,"11",92
414,4,92,"12",92
414,4,92,"13",92
414,4,92,"14",92
414,4,92,"2",92
414,4,92,"3",92
414,4,92,"5",92
414,4,92,"6",92
414,4,92,"9",92
414,4,197,"7",197
414,4,197,"8",197
414,4,227,"9",227
414,4,145,"1",145
414,4,138,"11",138
414,4,138,"12",138
414,4,138,"13",138
414,4,138,"6",138
414,4,138,"9",138
414,5,275,"1",275
414,5,275,"10",275
414,5,275,"11",275
414,5,275,"12",275
414,5,275,"14",275
414,5,275,"2",275
414,5,275,"3",275
414,5,275,"4",275
414,5,275,"6",275
414,5,275,"8",275
414,5,275,"9",275
414,5,99,"11",99
414,5,89,"6",89
414,5,165,"11",165
414,5,165,"13",165
414,5,165,"14",165
414,5,165,"2",165
414,5,165,"3",165
414,5,165,"4",165
414,5,165,"6",165
414,5,165,"7",165
414,5,165,"9",165
414,5,73,"10",73
414,5,73,"11",73
414,5,225,"2",225
414,5,225,"7",225
414,5,272,"13",272
414,5,190,"11",190
414,5,190,"14",190
414,5,139,"2",139
414,5,139,"4",139
414,5,55,"1",55
414,5,55,"10",55
414,5,55,"12",55
414,5,55,"13",55
414,5,55,"14",55
414,5,55,"2",55
414,5,55,"3",55
414,5,55,"4",55
414,5,55,"7",55
414,5,55,"8",55
414,5,60,"10",60
414,5,60,"12",60
414,5,60,"13",60
414,5,60,"2",60
414,5,60,"3",60
414,5,60,"8",60
414,5,60,"9",60
414,5,92,"1",92
414,5,92,"11",92
414,5,92,"12",92
414,5,92,"13",92
414,5,92,"14",92
414,5,92,"2",92
414,5,92,"3",92
414,5,92,"4",92
414,5,92,"6",92
414,5,92,"9",92
414,5,50,"1",50
414,5,50,"13",50
414,5,50,"2",50
414,5,50,"4",50
414,5,50,"7",50
414,5,50,"8",50
414,5,50,"9",50
414,5,170,"1",170
414,5,170,"11",170
414,5,170,"12",170
414,5,170,"13",170
414,5,170,"3",170
414,5,170,"4",170
414,5,170,"6",170
414,5,170,"7",170
414,5,170,"8",170
414,5,170,"9",170
414,5,216,"10",216
414,5,216,"12",216
414,5,216,"14",216
414,5,216,"2",216
414,5,216,"6",216
414,5,216,"7",216
414,5,187,"10",187
414,5,187,"11",187
414,5,187,"14",187
414,5,187,"2",187
414,5,187,"3",187
414,5,187,"4",187
414,5,187,"6",187
414,5,187,"8",187
414,5,187,"9",187
414,5,278,"7",278
414,5,213,"3",213
414,5,101,"13",101
414,5,101,"2",101
414,5,101,"4",101
414,5,101,"6",101
414,5,101,"8",101
414,5,254,"1",254
414,5,254,"12",254
414,5,254,"7",254
414,5,111,"1",111
414,5,111,"10",111
414,5,111,"12",111
414,5,111,"2",111
414,5,111,"3",111
414,5,111,"4",111
414,6,109,"9",109
414,6,216,"10",216
414,6,216,"12",216
414,6,216,"14",216
414,6,216,"2",216
414,6,216,"5",216
414,6,216,"7",216
414,6,44,"11",44
414,6,44,"14",44
414,6,44,"3",44
414,6,44,"8",44
414,6,114,"8",114
414,6,40,"2",40
414,6,217,"10",217
414,6,217,"3",217
414,6,217,"7",217
414,6,217,"9",217
414,6,141,"1",141
414,6,141,"13",141
414,6,141,"7",141
414,6,141,"8",141
414,6,141,"9",141
414,6,101,"13",101
414,6,101,"2",101
414,6,101,"4",101
414,6,101,"5",101
414,6,101,"8",101
414,6,275,"1",275
414,6,275,"10",275
414,6,275,"11",275
414,6,275,"12",275
414,6,275,"14",275
414,6,275,"2",275
414,6,275,"3",275
414,6,275,"4",275
414,6,275,"5",275
414,6,275,"8",275
414,6,275,"9",275
414,6,138,"11",138
414,6,138,"12",138
414,6,138,"13",138
414,6,138,"4",138
414,6,138,"9",138
414,6,270,"13",270
414,6,270,"3",270
414,6,270,"7",270
414,6,89,"5",89
414,6,187,"10",187
414,6,187,"11",187
414,6,187,"14",187
414,6,187,"2",187
414,6,187,"3",187
414,6,187,"4",187
414,6,187,"5",187
414,6,187,"8",187
414,6,187,"9",187
414,6,243,"10",243
414,6,243,"12",243
414,6,243,"3",243
414,6,165,"11",165
414,6,165,"13",165
414,6,165,"14",165
414,6,165,"2",165
414,6,165,"3",165
414,6,165,"4",165
414,6,165,"5",165
414,6,165,"7",165
414,6,165,"9",165
414,6,146,"14",146
414,6,284,"1",284
414,6,284,"10",284
414,6,284,"12",284
414,6,284,"13",284
414,6,284,"2",284
414,6,284,"3",284
414,6,284,"4",284
414,6,284,"9",284
414,6,92,"1",92
414,6,92,"11",92
414,6,92,"12",92
414,6,92,"13",92
414,6,92,"14",92
414,6,92,"2",92
414,6,92,"3",92
414,6,92,"4",92
414,6,92,"5",92
414,6,92,"9",92
414,6,239,"13",239
414,6,239,"2",239
414,6,239,"8",239
414,6,276,"11",276
414,6,276,"12",276
414,6,276,"3",276
414,6,238,"11",238
414,6,238,"4",238
414,6,238,"9",238
414,6,160,"8",160
414,6,170,"1",170
414,6,170,"11",170
414,6,170,"12",170
414,6,170,"13",170
414,6,170,"3",170
414,6,170,"4",170
414,6,170,"5",170
414,6,170,"7",170
414,6,170,"8",170
414,6,170,"9",170
414,6,56,"2",56
414,6,56,"4",56
414,6,56,"7",56
414,6,274,"1",274
414,6,274,"10",274
414,6,274,"11",274
414,6,274,"12",274
414,6,274,"13",274
414,6,274,"14",274
414,6,274,"2",274
414,6,274,"4",274
414,6,274,"7",274
414,6,274,"8",274
414,6,274,"9",274
414,6,199,"1",199
414,6,199,"12",199
414,6,199,"4",199
414,6,136,"1",136
414,6,136,"3",136
414,6,136,"9",136
414,7,216,"10",216
414,7,216,"12",216
414,7,216,"14",216
414,7,216,"2",216
414,7,216,"5",216
414,7,216,"6",216
414,7,189,"10",189
414,7,167,"2",167
414,7,141,"1",141
414,7,141,"13",141
414,7,141,"6",141
414,7,141,"8",141
414,7,141,"9",141
414,7,55,"1",55
414,7,55,"10",55
414,7,55,"12",55
414,7,55,"13",55
414,7,55,"14",55
414,7,55,"2",55
414,7,55,"3",55
414,7,55,"4",55
414,7,55,"5",55
414,7,55,"8",55
414,7,225,"2",225
414,7,225,"5",225
414,7,45,"4",45
414,7,80,"12",80
414,7,258,"1",258
414,7,278,"5",278
414,7,165,"11",165
414,7,165,"13",165
414,7,165,"14",165
414,7,165,"2",165
414,7,165,"3",165
414,7,165,"4",165
414,7,165,"5",165
414,7,165,"6",165
414,7,165,"9",165
414,7,253,"8",253
414,7,255,"12",255
414,7,255,"14",255
414,7,50,"1",50
414,7,50,"13",50
414,7,50,"2",50
414,7,50,"4",50
414,7,50,"5",50
414,7,50,"8",50
414,7,50,"9",50
414,7,197,"4",197
414,7,197,"8",197
414,7,254,"1",254
414,7,254,"12",254
414,7,254,"5",254
414,7,56,"2",56
414,7,56,"4",56
414,7,56,"6",56
414,7,274,"1",274
414,7,274,"10",274
414,7,274,"11",274
414,7,274,"12",274
414,7,274,"13",274
414,7,274,"14",274
414,7,274,"2",274
414,7,274,"4",274
414,7,274,"6",274
414,7,274,"8",274
414,7,274,"9",274
414,7,270,"13",270
414,7,270,"3",270
414,7,270,"6",270
414,7,163,"1",163
414,7,163,"10",163
414,7,163,"11",163
414,7,163,"12",163
414,7,163,"13",163
414,7,163,"14",163
414,7,163,"2",163
414,7,163,"3",163
414,7,163,"9",163
414,7,84,"2",84
414,7,170,"1",170
414,7,170,"11",170
414,7,170,"12",170
414,7,170,"13",170
414,7,170,"3",170
414,7,170,"4",170
414,7,170,"5",170
414,7,170,"6",170
414,7,170,"8",170
414,7,170,"9",170
414,7,130,"2",130
414,7,130,"8",130
414,7,77,"14",77
414,7,217,"10",217
414,7,217,"3",217
414,7,217,"6",217
414,7,217,"9",217
414,8,241,"11",241
414,8,241,"3",241
414,8,212,"2",212
414,8,215,"10",215
414,8,215,"11",215
414,8,113,"9",113
414,8,235,"12",235
414,8,235,"13",235
414,8,235,"14",235
414,8,235,"2",235
414,8,50,"1",50
414,8,50,"13",50
414,8,50,"2",50
414,8,50,"4",50
414,8,50,"5",50
414,8,50,"7",50
414,8,50,"9",50
414,8,126,"11",126
414,8,126,"3",126
414,8,126,"4",126
414,8,126,"9",126
414,8,274,"1",274
414,8,274,"10",274
414,8,274,"11",274
414,8,274,"12",274
414,8,274,"13",274
414,8,274,"14",274
414,8,274,"2",274
414,8,274,"4",274
414,8,274,"6",274
414,8,274,"7",274
414,8,274,"9",274
414,8,44,"11",44
414,8,44,"14",44
414,8,44,"3",44
414,8,44,"6",44
414,8,130,"2",130
414,8,130,"7",130
414,8,141,"1",141
414,8,141,"13",141
414,8,141,"6",141
414,8,141,"7",141
414,8,141,"9",141
414,8,187,"10",187
414,8,187,"11",187
414,8,187,"14",187
414,8,187,"2",187
414,8,187,"3",187
414,8,187,"4",187
414,8,187,"5",187
414,8,187,"6",187
414,8,187,"9",187
414,8,55,"1",55
414,8,55,"10",55
414,8,55,"12",55
414,8,55,"13",55
414,8,55,"14",55
414,8,55,"2",55
414,8,55,"3",55
414,8,55,"4",55
414,8,55,"5",55
414,8,55,"7",55
414,8,115,"12",115
414,8,115,"13",115
414,8,170,"1",170
414,8,170,"11",170
414,8,170,"12",170
414,8,170,"13",170
414,8,170,"3",170
414,8,170,"4",170
414,8,170,"5",170
414,8,170,"6",170
414,8,170,"7",170
414,8,170,"9",170
414,8,207,"4",207
414,8,114,"6",114
414,8,275,"1",275
414,8,275,"10",275
414,8,275,"11",275
414,8,275,"12",275
414,8,275,"14",275
414,8,275,"2",275
414,8,275,"3",275
414,8,275,"4",275
414,8,275,"5",275
414,8,275,"6",275
414,8,275,"9",275
414,8,253,"7",253
414,8,160,"6",160
414,8,211,"13",211
414,8,211,"2",211
414,8,211,"9",211
414,8,95,"1",95
414,8,81,"3",81
414,8,81,"9",81
414,8,176,"10",176
414,8,166,"14",166
414,8,98,"14",98
414,8,98,"3",98
414,8,76,"11",76
414,8,101,"13",101
414,8,101,"2",101
414,8,101,"4",101
414,8,101,"5",101
414,8,101,"6",101
414,8,181,"14",181
414,8,60,"10",60
414,8,60,"12",60
414,8,60,"13",60
414,8,60,"2",60
414,8,60,"3",60
414,8,60,"5",60
414,8,60,"9",60
414,8,239,"13",239
414,8,239,"2",239
414,8,239,"6",239
414,8,236,"1",236
414,8,197,"4",197
414,8,197,"7",197
414,9,138,"11",138
414,9,138,"12",138
414,9,138,"13",138
414,9,138,"4",138
414,9,138,"6",138
414,9,227,"4",227
414,9,170,"1",170
414,9,170,"11",170
414,9,170,"12",170
414,9,170,"13",170
414,9,170,"3",170
414,9,170,"4",170
414,9,170,"5",170
414,9,170,"6",170
414,9,170,"7",170
414,9,170,"8",170
414,9,141,"1",141
414,9,141,"13",141
414,9,141,"6",141
414,9,141,"7",141
414,9,141,"8",141
414,9,238,"11",238
414,9,238,"4",238
414,9,238,"6",238
414,9,274,"1",274
414,9,274,"10",274
414,9,274,"11",274
414,9,274,"12",274
414,9,274,"13",274
414,9,274,"14",274
414,9,274,"2",274
414,9,274,"4",274
414,9,274,"6",274
414,9,274,"7",274
414,9,274,"8",274
414,9,284,"1",284
414,9,284,"10",284
414,9,284,"12",284
414,9,284,"13",284
414,9,284,"2",284
414,9,284,"3",284
414,9,284,"4",284
414,9,284,"6",284
414,9,92,"1",92
414,9,92,"11",92
414,9,92,"12",92
414,9,92,"13",92
414,9,92,"14",92
414,9,92,"2",92
414,9,92,"3",92
414,9,92,"4",92
414,9,92,"5",92
414,9,92,"6",92
414,9,242,"10",242
414,9,242,"12",242
414,9,242,"13",242
414,9,242,"14",242
414,9,242,"3",242
414,9,242,"4",242
414,9,275,"1",275
414,9,275,"10",275
414,9,275,"11",275
414,9,275,"12",275
414,9,275,"14",275
414,9,275,"2",275
414,9,275,"3",275
414,9,275,"4",275
414,9,275,"5",275
414,9,275,"6",275
414,9,275,"8",275
414,9,52,"13",52
414,9,60,"10",60
414,9,60,"12",60
414,9,60,"13",60
414,9,60,"2",60
414,9,60,"3",60
414,9,60,"5",60
414,9,60,"8",60
414,9,262,"3",262
414,9,50,"1",50
414,9,50,"13",50
414,9,50,"2",50
414,9,50,"4",50
414,9,50,"5",50
414,9,50,"7",50
414,9,50,"8",50
414,9,165,"11",165
414,9,165,"13",165
414,9,165,"14",165
414,9,165,"2",165
414,9,165,"3",165
414,9,165,"4",165
414,9,165,"5",165
414,9,165,"6",165
414,9,165,"7",165
414,9,81,"3",81
414,9,81,"8",81
414,9,187,"10",187
414,9,187,"11",187
414,9,187,"14",187
414,9,187,"2",187
414,9,187,"3",187
414,9,187,"4",187
414,9,187,"5",187
414,9,187,"6",187
414,9,187,"8",187
414,9,109,"6",109
414,9,211,"13",211
414,9,211,"2",211
414,9,211,"8",211
414,9,113,"8",113
414,9,206,"10",206
414,9,87,"13",87
414,9,136,"1",136
414,9,136,"3",136
414,9,136,"6",136
414,9,163,"1",163
414,9,163,"10",163
414,9,163,"11",163
414,9,163,"12",163
414,9,163,"13",163
414,9,163,"14",163
414,9,163,"2",163
414,9,163,"3",163
414,9,163,"7",163
414,9,126,"11",126
414,9,126,"3",126
414,9,126,"4",126
414,9,126,"8",126
414,9,217,"10",217
414,9,217,"3",217
414,9,217,"6",217
414,9,217,"7",217
414,1,10,"10",10
414,1,10,"12",10
414,1,10,"3",10
414,1,10,"4",10
414,1,10,"6",10
414,1,10,"7",10
414,1,10,"9",10
414,1,35,"12",35
414,1,35,"4",35
414,1,35,"5",35
414,1,35,"6",35
414,1,35,"7",35
414,1,35,"8",35
414,1,35,"9",35
414,1,17,"10",17
414,1,17,"11",17
414,1,17,"12",17
414,1,17,"13",17
414,1,17,"14",17
414,1,17,"4",17
414,1,17,"5",17
414,1,17,"6",17
414,1,17,"7",17
414,1,17,"8",17
414,1,17,"9",17
414,1,31,"10",31
414,1,31,"11",31
414,1,31,"12",31
414,1,31,"13",31
414,1,31,"3",31
414,1,31,"7",31
414,1,31,"9",31
414,1,33,"10",33
414,1,33,"14",33
414,1,12,"10",12
414,1,12,"12",12
414,1,12,"14",12
414,1,12,"2",12
414,1,12,"6",12
414,1,12,"7",12
414,1,38,"13",38
414,1,38,"14",38
414,1,38,"5",38
414,1,38,"6",38
414,1,38,"8",38
414,1,9,"10",9
414,1,9,"11",9
414,1,9,"12",9
414,1,9,"13",9
414,1,9,"14",9
414,1,9,"2",9
414,1,9,"3",9
414,1,9,"4",9
414,1,9,"5",9
414,1,9,"6",9
414,1,9,"7",9
414,1,9,"8",9
414,1,9,"9",9
414,10,16,"2",16
414,10,16,"3",16
414,10,16,"4",16
414,10,27,"9",27
414,10,36,"5",36
414,10,26,"11",26
414,10,26,"12",26
414,10,26,"14",26
414,10,26,"2",26
414,10,26,"3",26
414,10,26,"4",26
414,10,26,"5",26
414,10,26,"6",26
414,10,26,"7",26
414,10,26,"8",26
414,10,31,"1",31
414,10,31,"11",31
414,10,31,"12",31
414,10,31,"13",31
414,10,31,"3",31
414,10,31,"7",31
414,10,31,"9",31
414,10,4,"14",4
414,10,4,"3",4
414,10,4,"7",4
414,10,12,"1",12
414,10,12,"12",12
414,10,12,"14",12
414,10,12,"2",12
414,10,12,"6",12
414,10,12,"7",12
414,10,17,"1",17
414,10,17,"11",17
414,10,17,"12",17
414,10,17,"13",17
414,10,17,"14",17
414,10,17,"4",17
414,10,17,"5",17
414,10,17,"6",17
414,10,17,"7",17
414,10,17,"8",17
414,10,17,"9",17
414,10,10,"1",10
414,10,10,"12",10
414,10,10,"3",10
414,10,10,"4",10
414,10,10,"6",10
414,10,10,"7",10
414,10,10,"9",10
414,10,39,"13",39
414,10,14,"14",14
414,10,14,"7",14
414,10,14,"8",14
414,10,14,"9",14
414,10,15,"11",15
414,10,15,"8",15
414,10,33,"1",33
414,10,33,"14",33
414,10,34,"12",34
414,10,34,"8",34
414,10,34,"9",34
414,10,23,"8",23
414,10,32,"12",32
414,10,9,"1",9
414,10,9,"11",9
414,10,9,"12",9
414,10,9,"13",9
414,10,9,"14",9
414,10,9,"2",9
414,10,9,"3",9
414,10,9,"4",9
414,10,9,"5",9
414,10,9,"6",9
414,10,9,"7",9
414,10,9,"8",9
414,10,9,"9",9
414,11,1,"5",1
414,11,1,"6",1
414,11,1,"7",1
414,11,1,"8",1
414,11,1,"9",1
414,11,3,"7",3
414,11,20,"13",20
414,11,26,"10",26
414,11,26,"12",26
414,11,26,"14",26
414,11,26,"2",26
414,11,26,"3",26
414,11,26,"4",26
414,11,26,"5",26
414,11,26,"6",26
414,11,26,"7",26
414,11,26,"8",26
414,11,31,"1",31
414,11,31,"10",31
414,11,31,"12",31
414,11,31,"13",31
414,11,31,"3",31
414,11,31,"7",31
414,11,31,"9",31
414,11,15,"10",15
414,11,15,"8",15
414,11,17,"1",17
414,11,17,"10",17
414,11,17,"12",17
414,11,17,"13",17
414,11,17,"14",17
414,11,17,"4",17
414,11,17,"5",17
414,11,17,"6",17
414,11,17,"7",17
414,11,17,"8",17
414,11,17,"9",17
414,11,13,"2",13
414,11,13,"9",13
414,11,5,"12",5
414,11,5,"4",5
414,11,5,"9",5
414,11,9,"1",9
414,11,9,"10",9
414,11,9,"12",9
414,11,9,"13",9
414,11,9,"14",9
414,11,9,"2",9
414,11,9,"3",9
414,11,9,"4",9
414,11,9,"5",9
414,11,9,"6",9
414,11,9,"7",9
414,11,9,"8",9
414,11,9,"9",9
414,12,31,"1",31
414,12,31,"10",31
414,12,31,"11",31
414,12,31,"13",31
414,12,31,"3",31
414,12,31,"7",31
414,12,31,"9",31
414,12,5,"11",5
414,12,5,"4",5
414,12,5,"9",5
414,12,11,"13",11
414,12,26,"10",26
414,12,26,"11",26
414,12,26,"14",26
414,12,26,"2",26
414,12,26,"3",26
414,12,26,"4",26
414,12,26,"5",26
414,12,26,"6",26
414,12,26,"7",26
414,12,26,"8",26
414,12,32,"10",32
414,12,12,"1",12
414,12,12,"10",12
414,12,12,"14",12
414,12,12,"2",12
414,12,12,"6",12
414,12,12,"7",12
414,12,17,"1",17
414,12,17,"10",17
414,12,17,"11",17
414,12,17,"13",17
414,12,17,"14",17
414,12,17,"4",17
414,12,17,"5",17
414,12,17,"6",17
414,12,17,"7",17
414,12,17,"8",17
414,12,17,"9",17
414,12,34,"10",34
414,12,34,"8",34
414,12,34,"9",34
414,12,10,"1",10
414,12,10,"10",10
414,12,10,"3",10
414,12,10,"4",10
414,12,10,"6",10
414,12,10,"7",10
414,12,10,"9",10
414,12,35,"1",35
414,12,35,"4",35
414,12,35,"5",35
414,12,35,"6",35
414,12,35,"7",35
414,12,35,"8",35
414,12,35,"9",35
414,12,9,"1",9
414,12,9,"10",9
414,12,9,"11",9
414,12,9,"13",9
414,12,9,"14",9
414,12,9,"2",9
414,12,9,"3",9
414,12,9,"4",9
414,12,9,"5",9
414,12,9,"6",9
414,12,9,"7",9
414,12,9,"8",9
414,12,9,"9",9
414,13,31,"1",31
414,13,31,"10",31
414,13,31,"11",31
414,13,31,"12",31
414,13,31,"3",31
414,13,31,"7",31
414,13,31,"9",31
414,13,38,"1",38
414,13,38,"14",38
414,13,38,"5",38
414,13,38,"6",38
414,13,38,"8",38
414,13,39,"10",39
414,13,20,"11",20
414,13,11,"12",11
414,13,17,"1",17
414,13,17,"10",17
414,13,17,"11",17
414,13,17,"12",17
414,13,17,"14",17
414,13,17,"4",17
414,13,17,"5",17
414,13,17,"6",17
414,13,17,"7",17
414,13,17,"8",17
414,13,17,"9",17
414,13,9,"1",9
414,13,9,"10",9
414,13,9,"11",9
414,13,9,"12",9
414,13,9,"14",9
414,13,9,"2",9
414,13,9,"3",9
414,13,9,"4",9
414,13,9,"5",9
414,13,9,"6",9
414,13,9,"7",9
414,13,9,"8",9
414,13,9,"9",9
414,14,33,"1",33
414,14,33,"10",33
414,14,14,"10",14
414,14,14,"7",14
414,14,14,"8",14
414,14,14,"9",14
414,14,4,"10",4
414,14,4,"3",4
414,14,4,"7",4
414,14,26,"10",26
414,14,26,"11",26
414,14,26,"12",26
414,14,26,"2",26
414,14,26,"3",26
414,14,26,"4",26
414,14,26,"5",26
414,14,26,"6",26
414,14,26,"7",26
414,14,26,"8",26
414,14,17,"1",17
414,14,17,"10",17
414,14,17,"11",17
414,14,17,"12",17
414,14,17,"13",17
414,14,17,"4",17
414,14,17,"5",17
414,14,17,"6",17
414,14,17,"7",17
414,14,17,"8",17
414,14,17,"9",17
414,14,38,"1",38
414,14,38,"13",38
414,14,38,"5",38
414,14,38,"6",38
414,14,38,"8",38
414,14,12,"1",12
414,14,12,"10",12
414,14,12,"12",12
414,14,12,"2",12
414,14,12,"6",12
414,14,12,"7",12
414,14,9,"1",9
414,14,9,"10",9
414,14,9,"11",9
414,14,9,"12",9
414,14,9,"13",9
414,14,9,"2",9
414,14,9,"3",9
414,14,9,"4",9
414,14,9,"5",9
414,14,9,"6",9
414,14,9,"7",9
414,14,9,"8",9
414,14,9,"9",9
414,2,37,"7",37
414,2,37,"9",37
414,2,26,"10",26
414,2,26,"11",26
414,2,26,"12",26
414,2,26,"14",26
414,2,26,"3",26
414,2,26,"4",26
414,2,26,"5",26
414,2,26,"6",26
414,2,26,"7",26
414,2,26,"8",26
414,2,12,"1",12
414,2,12,"10",12
414,2,12,"12",12
414,2,12,"14",12
414,2,12,"6",12
414,2,12,"7",12
414,2,13,"11",13
414,2,13,"9",13
414,2,16,"10",16
414,2,16,"3",16
414,2,16,"4",16
414,2,9,"1",9
414,2,9,"10",9
414,2,9,"11",9
414,2,9,"12",9
414,2,9,"13",9
414,2,9,"14",9
414,2,9,"3",9
414,2,9,"4",9
414,2,9,"5",9
414,2,9,"6",9
414,2,9,"7",9
414,2,9,"8",9
414,2,9,"9",9
414,3,4,"10",4
414,3,4,"14",4
414,3,4,"7",4
414,3,26,"10",26
414,3,26,"11",26
414,3,26,"12",26
414,3,26,"14",26
414,3,26,"2",26
414,3,26,"4",26
414,3,26,"5",26
414,3,26,"6",26
414,3,26,"7",26
414,3,26,"8",26
414,3,10,"1",10
414,3,10,"10",10
414,3,10,"12",10
414,3,10,"4",10
414,3,10,"6",10
414,3,10,"7",10
414,3,10,"9",10
414,3,31,"1",31
414,3,31,"10",31
414,3,31,"11",31
414,3,31,"12",31
414,3,31,"13",31
414,3,31,"7",31
414,3,31,"9",31
414,3,16,"10",16
414,3,16,"2",16
414,3,16,"4",16
414,3,9,"1",9
414,3,9,"10",9
414,3,9,"11",9
414,3,9,"12",9
414,3,9,"13",9
414,3,9,"14",9
414,3,9,"2",9
414,3,9,"4",9
414,3,9,"5",9
414,3,9,"6",9
414,3,9,"7",9
414,3,9,"8",9
414,3,9,"9",9
414,4,5,"11",5
414,4,5,"12",5
414,4,5,"9",5
414,4,26,"10",26
414,4,26,"11",26
414,4,26,"12",26
414,4,26,"14",26
414,4,26,"2",26
414,4,26,"3",26
414,4,26,"5",26
414,4,26,"6",26
414,4,26,"7",26
414,4,26,"8",26
414,4,35,"1",35
414,4,35,"12",35
414,4,35,"5",35
414,4,35,"6",35
414,4,35,"7",35
414,4,35,"8",35
414,4,35,"9",35
414,4,10,"1",10
414,4,10,"10",10
414,4,10,"12",10
414,4,10,"3",10
414,4,10,"6",10
414,4,10,"7",10
414,4,10,"9",10
414,4,16,"10",16
414,4,16,"2",16
414,4,16,"3",16
414,4,17,"1",17
414,4,17,"10",17
414,4,17,"11",17
414,4,17,"12",17
414,4,17,"13",17
414,4,17,"14",17
414,4,17,"5",17
414,4,17,"6",17
414,4,17,"7",17
414,4,17,"8",17
414,4,17,"9",17
414,4,9,"1",9
414,4,9,"10",9
414,4,9,"11",9
414,4,9,"12",9
414,4,9,"13",9
414,4,9,"14",9
414,4,9,"2",9
414,4,9,"3",9
414,4,9,"5",9
414,4,9,"6",9
414,4,9,"7",9
414,4,9,"8",9
414,4,9,"9",9
414,5,26,"10",26
414,5,26,"11",26
414,5,26,"12",26
414,5,26,"14",26
414,5,26,"2",26
414,5,26,"3",26
414,5,26,"4",26
414,5,26,"6",26
414,5,26,"7",26
414,5,26,"8",26
414,5,38,"1",38
414,5,38,"13",38
414,5,38,"14",38
414,5,38,"6",38
414,5,38,"8",38
414,5,28,"8",28
414,5,36,"10",36
414,5,17,"1",17
414,5,17,"10",17
414,5,17,"11",17
414,5,17,"12",17
414,5,17,"13",17
414,5,17,"14",17
414,5,17,"4",17
414,5,17,"6",17
414,5,17,"7",17
414,5,17,"8",17
414,5,17,"9",17
414,5,1,"11",1
414,5,1,"6",1
414,5,1,"7",1
414,5,1,"8",1
414,5,1,"9",1
414,5,35,"1",35
414,5,35,"12",35
414,5,35,"4",35
414,5,35,"6",35
414,5,35,"7",35
414,5,35,"8",35
414,5,35,"9",35
414,5,9,"1",9
414,5,9,"10",9
414,5,9,"11",9
414,5,9,"12",9
414,5,9,"13",9
414,5,9,"14",9
414,5,9,"2",9
414,5,9,"3",9
414,5,9,"4",9
414,5,9,"6",9
414,5,9,"7",9
414,5,9,"8",9
414,5,9,"9",9
414,6,26,"10",26
414,6,26,"11",26
414,6,26,"12",26
414,6,26,"14",26
414,6,26,"2",26
414,6,26,"3",26
414,6,26,"4",26
414,6,26,"5",26
414,6,26,"7",26
414,6,26,"8",26
414,6,12,"1",12
414,6,12,"10",12
414,6,12,"12",12
414,6,12,"14",12
414,6,12,"2",12
414,6,12,"7",12
414,6,35,"1",35
414,6,35,"12",35
414,6,35,"4",35
414,6,35,"5",35
414,6,35,"7",35
414,6,35,"8",35
414,6,35,"9",35
414,6,1,"11",1
414,6,1,"5",1
414,6,1,"7",1
414,6,1,"8",1
414,6,1,"9",1
414,6,10,"1",10
414,6,10,"10",10
414,6,10,"12",10
414,6,10,"3",10
414,6,10,"4",10
414,6,10,"7",10
414,6,10,"9",10
414,6,17,"1",17
414,6,17,"10",17
414,6,17,"11",17
414,6,17,"12",17
414,6,17,"13",17
414,6,17,"14",17
414,6,17,"4",17
414,6,17,"5",17
414,6,17,"7",17
414,6,17,"8",17
414,6,17,"9",17
414,6,38,"1",38
414,6,38,"13",38
414,6,38,"14",38
414,6,38,"5",38
414,6,38,"8",38
414,6,9,"1",9
414,6,9,"10",9
414,6,9,"11",9
414,6,9,"12",9
414,6,9,"13",9
414,6,9,"14",9
414,6,9,"2",9
414,6,9,"3",9
414,6,9,"4",9
414,6,9,"5",9
414,6,9,"7",9
414,6,9,"8",9
414,6,9,"9",9
414,7,35,"1",35
414,7,35,"12",35
414,7,35,"4",35
414,7,35,"5",35
414,7,35,"6",35
414,7,35,"8",35
414,7,35,"9",35
414,7,1,"11",1
414,7,1,"5",1
414,7,1,"6",1
414,7,1,"8",1
414,7,1,"9",1
414,7,10,"1",10
414,7,10,"10",10
414,7,10,"12",10
414,7,10,"3",10
414,7,10,"4",10
414,7,10,"6",10
414,7,10,"9",10
414,7,14,"10",14
414,7,14,"14",14
414,7,14,"8",14
414,7,14,"9",14
414,7,4,"10",4
414,7,4,"14",4
414,7,4,"3",4
414,7,17,"1",17
414,7,17,"10",17
414,7,17,"11",17
414,7,17,"12",17
414,7,17,"13",17
414,7,17,"14",17
414,7,17,"4",17
414,7,17,"5",17
414,7,17,"6",17
414,7,17,"8",17
414,7,17,"9",17
414,7,37,"2",37
414,7,37,"9",37
414,7,31,"1",31
414,7,31,"10",31
414,7,31,"11",31
414,7,31,"12",31
414,7,31,"13",31
414,7,31,"3",31
414,7,31,"9",31
414,7,12,"1",12
414,7,12,"10",12
414,7,12,"12",12
414,7,12,"14",12
414,7,12,"2",12
414,7,12,"6",12
414,7,3,"11",3
414,7,26,"10",26
414,7,26,"11",26
414,7,26,"12",26
414,7,26,"14",26
414,7,26,"2",26
414,7,26,"3",26
414,7,26,"4",26
414,7,26,"5",26
414,7,26,"6",26
414,7,26,"8",26
414,7,9,"1",9
414,7,9,"10",9
414,7,9,"11",9
414,7,9,"12",9
414,7,9,"13",9
414,7,9,"14",9
414,7,9,"2",9
414,7,9,"3",9
414,7,9,"4",9
414,7,9,"5",9
414,7,9,"6",9
414,7,9,"8",9
414,7,9,"9",9
414,8,15,"10",15
414,8,15,"11",15
414,8,38,"1",38
414,8,38,"13",38
414,8,38,"14",38
414,8,38,"5",38
414,8,38,"6",38
414,8,17,"1",17
414,8,17,"10",17
414,8,17,"11",17
414,8,17,"12",17
414,8,17,"13",17
414,8,17,"14",17
414,8,17,"4",17
414,8,17,"5",17
414,8,17,"6",17
414,8,17,"7",17
414,8,17,"9",17
414,8,35,"1",35
414,8,35,"12",35
414,8,35,"4",35
414,8,35,"5",35
414,8,35,"6",35
414,8,35,"7",35
414,8,35,"9",35
414,8,14,"10",14
414,8,14,"14",14
414,8,14,"7",14
414,8,14,"9",14
414,8,23,"10",23
414,8,26,"10",26
414,8,26,"11",26
414,8,26,"12",26
414,8,26,"14",26
414,8,26,"2",26
414,8,26,"3",26
414,8,26,"4",26
414,8,26,"5",26
414,8,26,"6",26
414,8,26,"7",26
414,8,28,"5",28
414,8,34,"10",34
414,8,34,"12",34
414,8,34,"9",34
414,8,1,"11",1
414,8,1,"5",1
414,8,1,"6",1
414,8,1,"7",1
414,8,1,"9",1
414,8,9,"1",9
414,8,9,"10",9
414,8,9,"11",9
414,8,9,"12",9
414,8,9,"13",9
414,8,9,"14",9
414,8,9,"2",9
414,8,9,"3",9
414,8,9,"4",9
414,8,9,"5",9
414,8,9,"6",9
414,8,9,"7",9
414,8,9,"9",9
414,9,17,"1",17
414,9,17,"10",17
414,9,17,"11",17
414,9,17,"12",17
414,9,17,"13",17
414,9,17,"14",17
414,9,17,"4",17
414,9,17,"5",17
414,9,17,"6",17
414,9,17,"7",17
414,9,17,"8",17
414,9,10,"1",10
414,9,10,"10",10
414,9,10,"12",10
414,9,10,"3",10
414,9,10,"4",10
414,9,10,"6",10
414,9,10,"7",10
414,9,37,"2",37
414,9,37,"7",37
414,9,31,"1",31
414,9,31,"10",31
414,9,31,"11",31
414,9,31,"12",31
414,9,31,"13",31
414,9,31,"3",31
414,9,31,"7",31
414,9,27,"10",27
414,9,14,"10",14
414,9,14,"14",14
414,9,14,"7",14
414,9,14,"8",14
414,9,35,"1",35
414,9,35,"12",35
414,9,35,"4",35
414,9,35,"5",35
414,9,35,"6",35
414,9,35,"7",35
414,9,35,"8",35
414,9,34,"10",34
414,9,34,"12",34
414,9,34,"8",34
414,9,13,"11",13
414,9,13,"2",13
414,9,5,"11",5
414,9,5,"12",5
414,9,5,"4",5
414,9,1,"11",1
414,9,1,"5",1
414,9,1,"6",1
414,9,1,"7",1
414,9,1,"8",1
414,9,9,"1",9
414,9,9,"10",9
414,9,9,"11",9
414,9,9,"12",9
414,9,9,"13",9
414,9,9,"14",9
414,9,9,"2",9
414,9,9,"3",9
414,9,9,"4",9
414,9,9,"5",9
414,9,9,"6",9
414,9,9,"7",9
414,9,9,"8",9
