"trial_number","layer_from","node_from","layer_to","node_to"
553,1,55,"10",55
553,1,55,"12",55
553,1,55,"13",55
553,1,55,"14",55
553,1,55,"3",55
553,1,55,"4",55
553,1,55,"6",55
553,1,55,"7",55
553,1,55,"8",55
553,1,55,"9",55
553,1,187,"10",187
553,1,187,"11",187
553,1,187,"12",187
553,1,187,"2",187
553,1,187,"5",187
553,1,187,"6",187
553,1,187,"7",187
553,1,187,"8",187
553,1,187,"9",187
553,1,104,"7",104
553,1,92,"11",92
553,1,92,"12",92
553,1,92,"14",92
553,1,92,"2",92
553,1,92,"3",92
553,1,92,"4",92
553,1,92,"5",92
553,1,92,"6",92
553,1,92,"7",92
553,1,92,"8",92
553,1,106,"5",106
553,1,107,"10",107
553,1,266,"13",266
553,1,266,"8",266
553,1,284,"12",284
553,1,284,"14",284
553,1,284,"2",284
553,1,284,"3",284
553,1,284,"4",284
553,1,284,"6",284
553,1,284,"7",284
553,1,284,"9",284
553,1,111,"10",111
553,1,111,"14",111
553,1,111,"2",111
553,1,111,"7",111
553,1,111,"8",111
553,1,111,"9",111
553,1,60,"11",60
553,1,60,"12",60
553,1,60,"14",60
553,1,60,"2",60
553,1,60,"3",60
553,1,60,"4",60
553,1,60,"8",60
553,1,101,"10",101
553,1,101,"11",101
553,1,101,"3",101
553,1,101,"6",101
553,1,101,"7",101
553,1,170,"10",170
553,1,170,"12",170
553,1,170,"13",170
553,1,170,"14",170
553,1,170,"2",170
553,1,170,"3",170
553,1,170,"5",170
553,1,170,"6",170
553,1,170,"8",170
553,1,170,"9",170
553,1,227,"8",227
553,1,141,"12",141
553,1,141,"14",141
553,1,141,"5",141
553,1,141,"7",141
553,1,141,"8",141
553,1,136,"13",136
553,1,136,"2",136
553,1,136,"6",136
553,1,232,"5",232
553,1,163,"11",163
553,1,163,"14",163
553,1,163,"2",163
553,1,163,"4",163
553,1,163,"5",163
553,1,163,"6",163
553,1,163,"7",163
553,1,163,"8",163
553,1,163,"9",163
553,1,115,"10",115
553,1,115,"8",115
553,1,139,"13",139
553,1,139,"14",139
553,1,239,"11",239
553,1,239,"14",239
553,1,239,"6",239
553,1,217,"12",217
553,1,217,"3",217
553,1,217,"5",217
553,1,217,"8",217
553,1,143,"7",143
553,1,274,"10",274
553,1,274,"11",274
553,1,274,"12",274
553,1,274,"14",274
553,1,274,"2",274
553,1,274,"3",274
553,1,274,"4",274
553,1,274,"5",274
553,1,274,"7",274
553,1,274,"8",274
553,1,274,"9",274
553,1,113,"2",113
553,1,216,"10",216
553,1,216,"11",216
553,1,216,"12",216
553,1,216,"6",216
553,1,216,"7",216
553,1,216,"8",216
553,1,210,"8",210
553,1,243,"5",243
553,1,243,"7",243
553,1,243,"9",243
553,1,109,"13",109
553,1,275,"10",275
553,1,275,"12",275
553,1,275,"13",275
553,1,275,"14",275
553,1,275,"2",275
553,1,275,"3",275
553,1,275,"4",275
553,1,275,"5",275
553,1,275,"7",275
553,1,275,"8",275
553,1,275,"9",275
553,10,275,"1",275
553,10,275,"12",275
553,10,275,"13",275
553,10,275,"14",275
553,10,275,"2",275
553,10,275,"3",275
553,10,275,"4",275
553,10,275,"5",275
553,10,275,"7",275
553,10,275,"8",275
553,10,275,"9",275
553,10,254,"12",254
553,10,254,"2",254
553,10,254,"4",254
553,10,187,"1",187
553,10,187,"11",187
553,10,187,"12",187
553,10,187,"2",187
553,10,187,"5",187
553,10,187,"6",187
553,10,187,"7",187
553,10,187,"8",187
553,10,187,"9",187
553,10,276,"3",276
553,10,276,"5",276
553,10,276,"7",276
553,10,131,"6",131
553,10,274,"1",274
553,10,274,"11",274
553,10,274,"12",274
553,10,274,"14",274
553,10,274,"2",274
553,10,274,"3",274
553,10,274,"4",274
553,10,274,"5",274
553,10,274,"7",274
553,10,274,"8",274
553,10,274,"9",274
553,10,225,"2",225
553,10,225,"7",225
553,10,138,"11",138
553,10,138,"13",138
553,10,138,"3",138
553,10,138,"4",138
553,10,138,"5",138
553,10,215,"2",215
553,10,215,"4",215
553,10,216,"1",216
553,10,216,"11",216
553,10,216,"12",216
553,10,216,"6",216
553,10,216,"7",216
553,10,216,"8",216
553,10,101,"1",101
553,10,101,"11",101
553,10,101,"3",101
553,10,101,"6",101
553,10,101,"7",101
553,10,115,"1",115
553,10,115,"8",115
553,10,81,"2",81
553,10,81,"8",81
553,10,212,"11",212
553,10,55,"1",55
553,10,55,"12",55
553,10,55,"13",55
553,10,55,"14",55
553,10,55,"3",55
553,10,55,"4",55
553,10,55,"6",55
553,10,55,"7",55
553,10,55,"8",55
553,10,55,"9",55
553,10,108,"8",108
553,10,95,"3",95
553,10,111,"1",111
553,10,111,"14",111
553,10,111,"2",111
553,10,111,"7",111
553,10,111,"8",111
553,10,111,"9",111
553,10,84,"12",84
553,10,126,"13",126
553,10,126,"2",126
553,10,126,"4",126
553,10,126,"8",126
553,10,193,"14",193
553,10,238,"14",238
553,10,238,"2",238
553,10,238,"8",238
553,10,211,"11",211
553,10,211,"13",211
553,10,211,"2",211
553,10,107,"1",107
553,10,255,"3",255
553,10,255,"6",255
553,10,192,"12",192
553,10,192,"3",192
553,10,192,"4",192
553,10,192,"7",192
553,10,98,"12",98
553,10,98,"5",98
553,10,170,"1",170
553,10,170,"12",170
553,10,170,"13",170
553,10,170,"14",170
553,10,170,"2",170
553,10,170,"3",170
553,10,170,"5",170
553,10,170,"6",170
553,10,170,"8",170
553,10,170,"9",170
553,10,278,"3",278
553,11,274,"1",274
553,11,274,"10",274
553,11,274,"12",274
553,11,274,"14",274
553,11,274,"2",274
553,11,274,"3",274
553,11,274,"4",274
553,11,274,"5",274
553,11,274,"7",274
553,11,274,"8",274
553,11,274,"9",274
553,11,160,"8",160
553,11,101,"1",101
553,11,101,"10",101
553,11,101,"3",101
553,11,101,"6",101
553,11,101,"7",101
553,11,56,"13",56
553,11,56,"14",56
553,11,56,"2",56
553,11,165,"13",165
553,11,165,"14",165
553,11,165,"2",165
553,11,165,"3",165
553,11,165,"5",165
553,11,165,"6",165
553,11,165,"7",165
553,11,165,"8",165
553,11,165,"9",165
553,11,77,"8",77
553,11,187,"1",187
553,11,187,"10",187
553,11,187,"12",187
553,11,187,"2",187
553,11,187,"5",187
553,11,187,"6",187
553,11,187,"7",187
553,11,187,"8",187
553,11,187,"9",187
553,11,92,"1",92
553,11,92,"12",92
553,11,92,"14",92
553,11,92,"2",92
553,11,92,"3",92
553,11,92,"4",92
553,11,92,"5",92
553,11,92,"6",92
553,11,92,"7",92
553,11,92,"8",92
553,11,52,"7",52
553,11,272,"4",272
553,11,60,"1",60
553,11,60,"12",60
553,11,60,"14",60
553,11,60,"2",60
553,11,60,"3",60
553,11,60,"4",60
553,11,60,"8",60
553,11,211,"10",211
553,11,211,"13",211
553,11,211,"2",211
553,11,265,"4",265
553,11,50,"12",50
553,11,50,"13",50
553,11,50,"14",50
553,11,50,"3",50
553,11,50,"4",50
553,11,50,"6",50
553,11,50,"8",50
553,11,207,"2",207
553,11,212,"10",212
553,11,239,"1",239
553,11,239,"14",239
553,11,239,"6",239
553,11,216,"1",216
553,11,216,"10",216
553,11,216,"12",216
553,11,216,"6",216
553,11,216,"7",216
553,11,216,"8",216
553,11,40,"3",40
553,11,138,"10",138
553,11,138,"13",138
553,11,138,"3",138
553,11,138,"4",138
553,11,138,"5",138
553,11,146,"8",146
553,11,163,"1",163
553,11,163,"14",163
553,11,163,"2",163
553,11,163,"4",163
553,11,163,"5",163
553,11,163,"6",163
553,11,163,"7",163
553,11,163,"8",163
553,11,163,"9",163
553,11,189,"13",189
553,12,130,"13",130
553,12,130,"3",130
553,12,92,"1",92
553,12,92,"11",92
553,12,92,"14",92
553,12,92,"2",92
553,12,92,"3",92
553,12,92,"4",92
553,12,92,"5",92
553,12,92,"6",92
553,12,92,"7",92
553,12,92,"8",92
553,12,274,"1",274
553,12,274,"10",274
553,12,274,"11",274
553,12,274,"14",274
553,12,274,"2",274
553,12,274,"3",274
553,12,274,"4",274
553,12,274,"5",274
553,12,274,"7",274
553,12,274,"8",274
553,12,274,"9",274
553,12,49,"7",49
553,12,275,"1",275
553,12,275,"10",275
553,12,275,"13",275
553,12,275,"14",275
553,12,275,"2",275
553,12,275,"3",275
553,12,275,"4",275
553,12,275,"5",275
553,12,275,"7",275
553,12,275,"8",275
553,12,275,"9",275
553,12,187,"1",187
553,12,187,"10",187
553,12,187,"11",187
553,12,187,"2",187
553,12,187,"5",187
553,12,187,"6",187
553,12,187,"7",187
553,12,187,"8",187
553,12,187,"9",187
553,12,141,"1",141
553,12,141,"14",141
553,12,141,"5",141
553,12,141,"7",141
553,12,141,"8",141
553,12,254,"10",254
553,12,254,"2",254
553,12,254,"4",254
553,12,216,"1",216
553,12,216,"10",216
553,12,216,"11",216
553,12,216,"6",216
553,12,216,"7",216
553,12,216,"8",216
553,12,86,"8",86
553,12,284,"1",284
553,12,284,"14",284
553,12,284,"2",284
553,12,284,"3",284
553,12,284,"4",284
553,12,284,"6",284
553,12,284,"7",284
553,12,284,"9",284
553,12,62,"13",62
553,12,62,"9",62
553,12,98,"10",98
553,12,98,"5",98
553,12,55,"1",55
553,12,55,"10",55
553,12,55,"13",55
553,12,55,"14",55
553,12,55,"3",55
553,12,55,"4",55
553,12,55,"6",55
553,12,55,"7",55
553,12,55,"8",55
553,12,55,"9",55
553,12,170,"1",170
553,12,170,"10",170
553,12,170,"13",170
553,12,170,"14",170
553,12,170,"2",170
553,12,170,"3",170
553,12,170,"5",170
553,12,170,"6",170
553,12,170,"8",170
553,12,170,"9",170
553,12,44,"13",44
553,12,44,"14",44
553,12,44,"5",44
553,12,44,"9",44
553,12,264,"4",264
553,12,217,"1",217
553,12,217,"3",217
553,12,217,"5",217
553,12,217,"8",217
553,12,84,"10",84
553,12,242,"14",242
553,12,242,"5",242
553,12,242,"6",242
553,12,242,"7",242
553,12,242,"8",242
553,12,242,"9",242
553,12,194,"7",194
553,12,166,"6",166
553,12,60,"1",60
553,12,60,"11",60
553,12,60,"14",60
553,12,60,"2",60
553,12,60,"3",60
553,12,60,"4",60
553,12,60,"8",60
553,12,50,"11",50
553,12,50,"13",50
553,12,50,"14",50
553,12,50,"3",50
553,12,50,"4",50
553,12,50,"6",50
553,12,50,"8",50
553,12,199,"4",199
553,12,199,"5",199
553,12,199,"8",199
553,12,137,"5",137
553,12,192,"10",192
553,12,192,"3",192
553,12,192,"4",192
553,12,192,"7",192
553,13,135,"6",135
553,13,140,"14",140
553,13,140,"4",140
553,13,236,"6",236
553,13,130,"12",130
553,13,130,"3",130
553,13,62,"12",62
553,13,62,"9",62
553,13,126,"10",126
553,13,126,"2",126
553,13,126,"4",126
553,13,126,"8",126
553,13,138,"10",138
553,13,138,"11",138
553,13,138,"3",138
553,13,138,"4",138
553,13,138,"5",138
553,13,136,"1",136
553,13,136,"2",136
553,13,136,"6",136
553,13,56,"11",56
553,13,56,"14",56
553,13,56,"2",56
553,13,109,"1",109
553,13,234,"2",234
553,13,170,"1",170
553,13,170,"10",170
553,13,170,"12",170
553,13,170,"14",170
553,13,170,"2",170
553,13,170,"3",170
553,13,170,"5",170
553,13,170,"6",170
553,13,170,"8",170
553,13,170,"9",170
553,13,211,"10",211
553,13,211,"11",211
553,13,211,"2",211
553,13,44,"12",44
553,13,44,"14",44
553,13,44,"5",44
553,13,44,"9",44
553,13,55,"1",55
553,13,55,"10",55
553,13,55,"12",55
553,13,55,"14",55
553,13,55,"3",55
553,13,55,"4",55
553,13,55,"6",55
553,13,55,"7",55
553,13,55,"8",55
553,13,55,"9",55
553,13,139,"1",139
553,13,139,"14",139
553,13,189,"11",189
553,13,206,"14",206
553,13,80,"14",80
553,13,235,"3",235
553,13,235,"5",235
553,13,235,"6",235
553,13,235,"8",235
553,13,103,"3",103
553,13,275,"1",275
553,13,275,"10",275
553,13,275,"12",275
553,13,275,"14",275
553,13,275,"2",275
553,13,275,"3",275
553,13,275,"4",275
553,13,275,"5",275
553,13,275,"7",275
553,13,275,"8",275
553,13,275,"9",275
553,13,50,"11",50
553,13,50,"12",50
553,13,50,"14",50
553,13,50,"3",50
553,13,50,"4",50
553,13,50,"6",50
553,13,50,"8",50
553,13,266,"1",266
553,13,266,"8",266
553,13,88,"7",88
553,13,112,"7",112
553,13,258,"3",258
553,13,165,"11",165
553,13,165,"14",165
553,13,165,"2",165
553,13,165,"3",165
553,13,165,"5",165
553,13,165,"6",165
553,13,165,"7",165
553,13,165,"8",165
553,13,165,"9",165
553,14,139,"1",139
553,14,139,"13",139
553,14,91,"8",91
553,14,193,"10",193
553,14,59,"7",59
553,14,140,"13",140
553,14,140,"4",140
553,14,163,"1",163
553,14,163,"11",163
553,14,163,"2",163
553,14,163,"4",163
553,14,163,"5",163
553,14,163,"6",163
553,14,163,"7",163
553,14,163,"8",163
553,14,163,"9",163
553,14,165,"11",165
553,14,165,"13",165
553,14,165,"2",165
553,14,165,"3",165
553,14,165,"5",165
553,14,165,"6",165
553,14,165,"7",165
553,14,165,"8",165
553,14,165,"9",165
553,14,170,"1",170
553,14,170,"10",170
553,14,170,"12",170
553,14,170,"13",170
553,14,170,"2",170
553,14,170,"3",170
553,14,170,"5",170
553,14,170,"6",170
553,14,170,"8",170
553,14,170,"9",170
553,14,197,"3",197
553,14,197,"8",197
553,14,242,"12",242
553,14,242,"5",242
553,14,242,"6",242
553,14,242,"7",242
553,14,242,"8",242
553,14,242,"9",242
553,14,274,"1",274
553,14,274,"10",274
553,14,274,"11",274
553,14,274,"12",274
553,14,274,"2",274
553,14,274,"3",274
553,14,274,"4",274
553,14,274,"5",274
553,14,274,"7",274
553,14,274,"8",274
553,14,274,"9",274
553,14,206,"13",206
553,14,241,"4",241
553,14,241,"9",241
553,14,60,"1",60
553,14,60,"11",60
553,14,60,"12",60
553,14,60,"2",60
553,14,60,"3",60
553,14,60,"4",60
553,14,60,"8",60
553,14,72,"9",72
553,14,253,"3",253
553,14,239,"1",239
553,14,239,"11",239
553,14,239,"6",239
553,14,141,"1",141
553,14,141,"12",141
553,14,141,"5",141
553,14,141,"7",141
553,14,141,"8",141
553,14,50,"11",50
553,14,50,"12",50
553,14,50,"13",50
553,14,50,"3",50
553,14,50,"4",50
553,14,50,"6",50
553,14,50,"8",50
553,14,273,"2",273
553,14,80,"13",80
553,14,284,"1",284
553,14,284,"12",284
553,14,284,"2",284
553,14,284,"3",284
553,14,284,"4",284
553,14,284,"6",284
553,14,284,"7",284
553,14,284,"9",284
553,14,44,"12",44
553,14,44,"13",44
553,14,44,"5",44
553,14,44,"9",44
553,14,111,"1",111
553,14,111,"10",111
553,14,111,"2",111
553,14,111,"7",111
553,14,111,"8",111
553,14,111,"9",111
553,14,275,"1",275
553,14,275,"10",275
553,14,275,"12",275
553,14,275,"13",275
553,14,275,"2",275
553,14,275,"3",275
553,14,275,"4",275
553,14,275,"5",275
553,14,275,"7",275
553,14,275,"8",275
553,14,275,"9",275
553,14,238,"10",238
553,14,238,"2",238
553,14,238,"8",238
553,14,270,"2",270
553,14,270,"5",270
553,14,270,"9",270
553,14,176,"5",176
553,14,73,"8",73
553,14,73,"9",73
553,14,55,"1",55
553,14,55,"10",55
553,14,55,"12",55
553,14,55,"13",55
553,14,55,"3",55
553,14,55,"4",55
553,14,55,"6",55
553,14,55,"7",55
553,14,55,"8",55
553,14,55,"9",55
553,14,56,"11",56
553,14,56,"13",56
553,14,56,"2",56
553,14,92,"1",92
553,14,92,"11",92
553,14,92,"12",92
553,14,92,"2",92
553,14,92,"3",92
553,14,92,"4",92
553,14,92,"5",92
553,14,92,"6",92
553,14,92,"7",92
553,14,92,"8",92
553,2,254,"10",254
553,2,254,"12",254
553,2,254,"4",254
553,2,284,"1",284
553,2,284,"12",284
553,2,284,"14",284
553,2,284,"3",284
553,2,284,"4",284
553,2,284,"6",284
553,2,284,"7",284
553,2,284,"9",284
553,2,273,"14",273
553,2,226,"4",226
553,2,81,"10",81
553,2,81,"8",81
553,2,54,"6",54
553,2,270,"14",270
553,2,270,"5",270
553,2,270,"9",270
553,2,207,"11",207
553,2,60,"1",60
553,2,60,"11",60
553,2,60,"12",60
553,2,60,"14",60
553,2,60,"3",60
553,2,60,"4",60
553,2,60,"8",60
553,2,126,"10",126
553,2,126,"13",126
553,2,126,"4",126
553,2,126,"8",126
553,2,163,"1",163
553,2,163,"11",163
553,2,163,"14",163
553,2,163,"4",163
553,2,163,"5",163
553,2,163,"6",163
553,2,163,"7",163
553,2,163,"8",163
553,2,163,"9",163
553,2,170,"1",170
553,2,170,"10",170
553,2,170,"12",170
553,2,170,"13",170
553,2,170,"14",170
553,2,170,"3",170
553,2,170,"5",170
553,2,170,"6",170
553,2,170,"8",170
553,2,170,"9",170
553,2,215,"10",215
553,2,215,"4",215
553,2,165,"11",165
553,2,165,"13",165
553,2,165,"14",165
553,2,165,"3",165
553,2,165,"5",165
553,2,165,"6",165
553,2,165,"7",165
553,2,165,"8",165
553,2,165,"9",165
553,2,56,"11",56
553,2,56,"13",56
553,2,56,"14",56
553,2,92,"1",92
553,2,92,"11",92
553,2,92,"12",92
553,2,92,"14",92
553,2,92,"3",92
553,2,92,"4",92
553,2,92,"5",92
553,2,92,"6",92
553,2,92,"7",92
553,2,92,"8",92
553,2,230,"3",230
553,2,187,"1",187
553,2,187,"10",187
553,2,187,"11",187
553,2,187,"12",187
553,2,187,"5",187
553,2,187,"6",187
553,2,187,"7",187
553,2,187,"8",187
553,2,187,"9",187
553,2,225,"10",225
553,2,225,"7",225
553,2,136,"1",136
553,2,136,"13",136
553,2,136,"6",136
553,2,274,"1",274
553,2,274,"10",274
553,2,274,"11",274
553,2,274,"12",274
553,2,274,"14",274
553,2,274,"3",274
553,2,274,"4",274
553,2,274,"5",274
553,2,274,"7",274
553,2,274,"8",274
553,2,274,"9",274
553,2,238,"10",238
553,2,238,"14",238
553,2,238,"8",238
553,2,111,"1",111
553,2,111,"10",111
553,2,111,"14",111
553,2,111,"7",111
553,2,111,"8",111
553,2,111,"9",111
553,2,113,"1",113
553,2,234,"13",234
553,2,211,"10",211
553,2,211,"11",211
553,2,211,"13",211
553,2,275,"1",275
553,2,275,"10",275
553,2,275,"12",275
553,2,275,"13",275
553,2,275,"14",275
553,2,275,"3",275
553,2,275,"4",275
553,2,275,"5",275
553,2,275,"7",275
553,2,275,"8",275
553,2,275,"9",275
553,3,130,"12",130
553,3,130,"13",130
553,3,275,"1",275
553,3,275,"10",275
553,3,275,"12",275
553,3,275,"13",275
553,3,275,"14",275
553,3,275,"2",275
553,3,275,"4",275
553,3,275,"5",275
553,3,275,"7",275
553,3,275,"8",275
553,3,275,"9",275
553,3,278,"10",278
553,3,253,"14",253
553,3,165,"11",165
553,3,165,"13",165
553,3,165,"14",165
553,3,165,"2",165
553,3,165,"5",165
553,3,165,"6",165
553,3,165,"7",165
553,3,165,"8",165
553,3,165,"9",165
553,3,197,"14",197
553,3,197,"8",197
553,3,274,"1",274
553,3,274,"10",274
553,3,274,"11",274
553,3,274,"12",274
553,3,274,"14",274
553,3,274,"2",274
553,3,274,"4",274
553,3,274,"5",274
553,3,274,"7",274
553,3,274,"8",274
553,3,274,"9",274
553,3,284,"1",284
553,3,284,"12",284
553,3,284,"14",284
553,3,284,"2",284
553,3,284,"4",284
553,3,284,"6",284
553,3,284,"7",284
553,3,284,"9",284
553,3,138,"10",138
553,3,138,"11",138
553,3,138,"13",138
553,3,138,"4",138
553,3,138,"5",138
553,3,87,"6",87
553,3,103,"13",103
553,3,276,"10",276
553,3,276,"5",276
553,3,276,"7",276
553,3,258,"13",258
553,3,50,"11",50
553,3,50,"12",50
553,3,50,"13",50
553,3,50,"14",50
553,3,50,"4",50
553,3,50,"6",50
553,3,50,"8",50
553,3,170,"1",170
553,3,170,"10",170
553,3,170,"12",170
553,3,170,"13",170
553,3,170,"14",170
553,3,170,"2",170
553,3,170,"5",170
553,3,170,"6",170
553,3,170,"8",170
553,3,170,"9",170
553,3,60,"1",60
553,3,60,"11",60
553,3,60,"12",60
553,3,60,"14",60
553,3,60,"2",60
553,3,60,"4",60
553,3,60,"8",60
553,3,101,"1",101
553,3,101,"10",101
553,3,101,"11",101
553,3,101,"6",101
553,3,101,"7",101
553,3,217,"1",217
553,3,217,"12",217
553,3,217,"5",217
553,3,217,"8",217
553,3,40,"11",40
553,3,192,"10",192
553,3,192,"12",192
553,3,192,"4",192
553,3,192,"7",192
553,3,255,"10",255
553,3,255,"6",255
553,3,262,"6",262
553,3,92,"1",92
553,3,92,"11",92
553,3,92,"12",92
553,3,92,"14",92
553,3,92,"2",92
553,3,92,"4",92
553,3,92,"5",92
553,3,92,"6",92
553,3,92,"7",92
553,3,92,"8",92
553,3,202,"4",202
553,3,55,"1",55
553,3,55,"10",55
553,3,55,"12",55
553,3,55,"13",55
553,3,55,"14",55
553,3,55,"4",55
553,3,55,"6",55
553,3,55,"7",55
553,3,55,"8",55
553,3,55,"9",55
553,3,235,"13",235
553,3,235,"5",235
553,3,235,"6",235
553,3,235,"8",235
553,3,95,"10",95
553,3,230,"2",230
553,3,76,"9",76
553,4,140,"13",140
553,4,140,"14",140
553,4,226,"2",226
553,4,163,"1",163
553,4,163,"11",163
553,4,163,"14",163
553,4,163,"2",163
553,4,163,"5",163
553,4,163,"6",163
553,4,163,"7",163
553,4,163,"8",163
553,4,163,"9",163
553,4,215,"10",215
553,4,215,"2",215
553,4,241,"14",241
553,4,241,"9",241
553,4,272,"11",272
553,4,203,"8",203
553,4,199,"12",199
553,4,199,"5",199
553,4,199,"8",199
553,4,114,"9",114
553,4,159,"8",159
553,4,284,"1",284
553,4,284,"12",284
553,4,284,"14",284
553,4,284,"2",284
553,4,284,"3",284
553,4,284,"6",284
553,4,284,"7",284
553,4,284,"9",284
553,4,181,"8",181
553,4,45,"7",45
553,4,275,"1",275
553,4,275,"10",275
553,4,275,"12",275
553,4,275,"13",275
553,4,275,"14",275
553,4,275,"2",275
553,4,275,"3",275
553,4,275,"5",275
553,4,275,"7",275
553,4,275,"8",275
553,4,275,"9",275
553,4,126,"10",126
553,4,126,"13",126
553,4,126,"2",126
553,4,126,"8",126
553,4,167,"8",167
553,4,92,"1",92
553,4,92,"11",92
553,4,92,"12",92
553,4,92,"14",92
553,4,92,"2",92
553,4,92,"3",92
553,4,92,"5",92
553,4,92,"6",92
553,4,92,"7",92
553,4,92,"8",92
553,4,175,"5",175
553,4,265,"11",265
553,4,55,"1",55
553,4,55,"10",55
553,4,55,"12",55
553,4,55,"13",55
553,4,55,"14",55
553,4,55,"3",55
553,4,55,"6",55
553,4,55,"7",55
553,4,55,"8",55
553,4,55,"9",55
553,4,254,"10",254
553,4,254,"12",254
553,4,254,"2",254
553,4,60,"1",60
553,4,60,"11",60
553,4,60,"12",60
553,4,60,"14",60
553,4,60,"2",60
553,4,60,"3",60
553,4,60,"8",60
553,4,274,"1",274
553,4,274,"10",274
553,4,274,"11",274
553,4,274,"12",274
553,4,274,"14",274
553,4,274,"2",274
553,4,274,"3",274
553,4,274,"5",274
553,4,274,"7",274
553,4,274,"8",274
553,4,274,"9",274
553,4,50,"11",50
553,4,50,"12",50
553,4,50,"13",50
553,4,50,"14",50
553,4,50,"3",50
553,4,50,"6",50
553,4,50,"8",50
553,4,202,"3",202
553,4,264,"12",264
553,4,192,"10",192
553,4,192,"12",192
553,4,192,"3",192
553,4,192,"7",192
553,4,138,"10",138
553,4,138,"11",138
553,4,138,"13",138
553,4,138,"3",138
553,4,138,"5",138
553,5,274,"1",274
553,5,274,"10",274
553,5,274,"11",274
553,5,274,"12",274
553,5,274,"14",274
553,5,274,"2",274
553,5,274,"3",274
553,5,274,"4",274
553,5,274,"7",274
553,5,274,"8",274
553,5,274,"9",274
553,5,176,"14",176
553,5,163,"1",163
553,5,163,"11",163
553,5,163,"14",163
553,5,163,"2",163
553,5,163,"4",163
553,5,163,"6",163
553,5,163,"7",163
553,5,163,"8",163
553,5,163,"9",163
553,5,199,"12",199
553,5,199,"4",199
553,5,199,"8",199
553,5,190,"6",190
553,5,190,"8",190
553,5,137,"12",137
553,5,92,"1",92
553,5,92,"11",92
553,5,92,"12",92
553,5,92,"14",92
553,5,92,"2",92
553,5,92,"3",92
553,5,92,"4",92
553,5,92,"6",92
553,5,92,"7",92
553,5,92,"8",92
553,5,170,"1",170
553,5,170,"10",170
553,5,170,"12",170
553,5,170,"13",170
553,5,170,"14",170
553,5,170,"2",170
553,5,170,"3",170
553,5,170,"6",170
553,5,170,"8",170
553,5,170,"9",170
553,5,187,"1",187
553,5,187,"10",187
553,5,187,"11",187
553,5,187,"12",187
553,5,187,"2",187
553,5,187,"6",187
553,5,187,"7",187
553,5,187,"8",187
553,5,187,"9",187
553,5,276,"10",276
553,5,276,"3",276
553,5,276,"7",276
553,5,232,"1",232
553,5,275,"1",275
553,5,275,"10",275
553,5,275,"12",275
553,5,275,"13",275
553,5,275,"14",275
553,5,275,"2",275
553,5,275,"3",275
553,5,275,"4",275
553,5,275,"7",275
553,5,275,"8",275
553,5,275,"9",275
553,5,138,"10",138
553,5,138,"11",138
553,5,138,"13",138
553,5,138,"3",138
553,5,138,"4",138
553,5,141,"1",141
553,5,141,"12",141
553,5,141,"14",141
553,5,141,"7",141
553,5,141,"8",141
553,5,98,"10",98
553,5,98,"12",98
553,5,243,"1",243
553,5,243,"7",243
553,5,243,"9",243
553,5,235,"13",235
553,5,235,"3",235
553,5,235,"6",235
553,5,235,"8",235
553,5,89,"8",89
553,5,165,"11",165
553,5,165,"13",165
553,5,165,"14",165
553,5,165,"2",165
553,5,165,"3",165
553,5,165,"6",165
553,5,165,"7",165
553,5,165,"8",165
553,5,165,"9",165
553,5,175,"4",175
553,5,106,"1",106
553,5,44,"12",44
553,5,44,"13",44
553,5,44,"14",44
553,5,44,"9",44
553,5,217,"1",217
553,5,217,"12",217
553,5,217,"3",217
553,5,217,"8",217
553,5,242,"12",242
553,5,242,"14",242
553,5,242,"6",242
553,5,242,"7",242
553,5,242,"8",242
553,5,242,"9",242
553,5,270,"14",270
553,5,270,"2",270
553,5,270,"9",270
553,6,190,"5",190
553,6,190,"8",190
553,6,165,"11",165
553,6,165,"13",165
553,6,165,"14",165
553,6,165,"2",165
553,6,165,"3",165
553,6,165,"5",165
553,6,165,"7",165
553,6,165,"8",165
553,6,165,"9",165
553,6,255,"10",255
553,6,255,"3",255
553,6,92,"1",92
553,6,92,"11",92
553,6,92,"12",92
553,6,92,"14",92
553,6,92,"2",92
553,6,92,"3",92
553,6,92,"4",92
553,6,92,"5",92
553,6,92,"7",92
553,6,92,"8",92
553,6,170,"1",170
553,6,170,"10",170
553,6,170,"12",170
553,6,170,"13",170
553,6,170,"14",170
553,6,170,"2",170
553,6,170,"3",170
553,6,170,"5",170
553,6,170,"8",170
553,6,170,"9",170
553,6,101,"1",101
553,6,101,"10",101
553,6,101,"11",101
553,6,101,"3",101
553,6,101,"7",101
553,6,235,"13",235
553,6,235,"3",235
553,6,235,"5",235
553,6,235,"8",235
553,6,50,"11",50
553,6,50,"12",50
553,6,50,"13",50
553,6,50,"14",50
553,6,50,"3",50
553,6,50,"4",50
553,6,50,"8",50
553,6,135,"13",135
553,6,145,"9",145
553,6,236,"13",236
553,6,55,"1",55
553,6,55,"10",55
553,6,55,"12",55
553,6,55,"13",55
553,6,55,"14",55
553,6,55,"3",55
553,6,55,"4",55
553,6,55,"7",55
553,6,55,"8",55
553,6,55,"9",55
553,6,166,"12",166
553,6,136,"1",136
553,6,136,"13",136
553,6,136,"2",136
553,6,216,"1",216
553,6,216,"10",216
553,6,216,"11",216
553,6,216,"12",216
553,6,216,"7",216
553,6,216,"8",216
553,6,262,"3",262
553,6,54,"2",54
553,6,131,"10",131
553,6,284,"1",284
553,6,284,"12",284
553,6,284,"14",284
553,6,284,"2",284
553,6,284,"3",284
553,6,284,"4",284
553,6,284,"7",284
553,6,284,"9",284
553,6,213,"8",213
553,6,163,"1",163
553,6,163,"11",163
553,6,163,"14",163
553,6,163,"2",163
553,6,163,"4",163
553,6,163,"5",163
553,6,163,"7",163
553,6,163,"8",163
553,6,163,"9",163
553,6,242,"12",242
553,6,242,"14",242
553,6,242,"5",242
553,6,242,"7",242
553,6,242,"8",242
553,6,242,"9",242
553,6,87,"3",87
553,6,187,"1",187
553,6,187,"10",187
553,6,187,"11",187
553,6,187,"12",187
553,6,187,"2",187
553,6,187,"5",187
553,6,187,"7",187
553,6,187,"8",187
553,6,187,"9",187
553,6,239,"1",239
553,6,239,"11",239
553,6,239,"14",239
553,7,45,"4",45
553,7,192,"10",192
553,7,192,"12",192
553,7,192,"3",192
553,7,192,"4",192
553,7,274,"1",274
553,7,274,"10",274
553,7,274,"11",274
553,7,274,"12",274
553,7,274,"14",274
553,7,274,"2",274
553,7,274,"3",274
553,7,274,"4",274
553,7,274,"5",274
553,7,274,"8",274
553,7,274,"9",274
553,7,49,"12",49
553,7,284,"1",284
553,7,284,"12",284
553,7,284,"14",284
553,7,284,"2",284
553,7,284,"3",284
553,7,284,"4",284
553,7,284,"6",284
553,7,284,"9",284
553,7,194,"12",194
553,7,112,"13",112
553,7,59,"14",59
553,7,242,"12",242
553,7,242,"14",242
553,7,242,"5",242
553,7,242,"6",242
553,7,242,"8",242
553,7,242,"9",242
553,7,141,"1",141
553,7,141,"12",141
553,7,141,"14",141
553,7,141,"5",141
553,7,141,"8",141
553,7,143,"1",143
553,7,187,"1",187
553,7,187,"10",187
553,7,187,"11",187
553,7,187,"12",187
553,7,187,"2",187
553,7,187,"5",187
553,7,187,"6",187
553,7,187,"8",187
553,7,187,"9",187
553,7,216,"1",216
553,7,216,"10",216
553,7,216,"11",216
553,7,216,"12",216
553,7,216,"6",216
553,7,216,"8",216
553,7,165,"11",165
553,7,165,"13",165
553,7,165,"14",165
553,7,165,"2",165
553,7,165,"3",165
553,7,165,"5",165
553,7,165,"6",165
553,7,165,"8",165
553,7,165,"9",165
553,7,104,"1",104
553,7,88,"13",88
553,7,225,"10",225
553,7,225,"2",225
553,7,101,"1",101
553,7,101,"10",101
553,7,101,"11",101
553,7,101,"3",101
553,7,101,"6",101
553,7,52,"11",52
553,7,276,"10",276
553,7,276,"3",276
553,7,276,"5",276
553,7,243,"1",243
553,7,243,"5",243
553,7,243,"9",243
553,7,163,"1",163
553,7,163,"11",163
553,7,163,"14",163
553,7,163,"2",163
553,7,163,"4",163
553,7,163,"5",163
553,7,163,"6",163
553,7,163,"8",163
553,7,163,"9",163
553,7,92,"1",92
553,7,92,"11",92
553,7,92,"12",92
553,7,92,"14",92
553,7,92,"2",92
553,7,92,"3",92
553,7,92,"4",92
553,7,92,"5",92
553,7,92,"6",92
553,7,92,"8",92
553,7,55,"1",55
553,7,55,"10",55
553,7,55,"12",55
553,7,55,"13",55
553,7,55,"14",55
553,7,55,"3",55
553,7,55,"4",55
553,7,55,"6",55
553,7,55,"8",55
553,7,55,"9",55
553,7,111,"1",111
553,7,111,"10",111
553,7,111,"14",111
553,7,111,"2",111
553,7,111,"8",111
553,7,111,"9",111
553,7,275,"1",275
553,7,275,"10",275
553,7,275,"12",275
553,7,275,"13",275
553,7,275,"14",275
553,7,275,"2",275
553,7,275,"3",275
553,7,275,"4",275
553,7,275,"5",275
553,7,275,"8",275
553,7,275,"9",275
553,8,146,"11",146
553,8,111,"1",111
553,8,111,"10",111
553,8,111,"14",111
553,8,111,"2",111
553,8,111,"7",111
553,8,111,"9",111
553,8,160,"11",160
553,8,165,"11",165
553,8,165,"13",165
553,8,165,"14",165
553,8,165,"2",165
553,8,165,"3",165
553,8,165,"5",165
553,8,165,"6",165
553,8,165,"7",165
553,8,165,"9",165
553,8,187,"1",187
553,8,187,"10",187
553,8,187,"11",187
553,8,187,"12",187
553,8,187,"2",187
553,8,187,"5",187
553,8,187,"6",187
553,8,187,"7",187
553,8,187,"9",187
553,8,266,"1",266
553,8,266,"13",266
553,8,199,"12",199
553,8,199,"4",199
553,8,199,"5",199
553,8,181,"4",181
553,8,274,"1",274
553,8,274,"10",274
553,8,274,"11",274
553,8,274,"12",274
553,8,274,"14",274
553,8,274,"2",274
553,8,274,"3",274
553,8,274,"4",274
553,8,274,"5",274
553,8,274,"7",274
553,8,274,"9",274
553,8,81,"10",81
553,8,81,"2",81
553,8,60,"1",60
553,8,60,"11",60
553,8,60,"12",60
553,8,60,"14",60
553,8,60,"2",60
553,8,60,"3",60
553,8,60,"4",60
553,8,217,"1",217
553,8,217,"12",217
553,8,217,"3",217
553,8,217,"5",217
553,8,115,"1",115
553,8,115,"10",115
553,8,216,"1",216
553,8,216,"10",216
553,8,216,"11",216
553,8,216,"12",216
553,8,216,"6",216
553,8,216,"7",216
553,8,235,"13",235
553,8,235,"3",235
553,8,235,"5",235
553,8,235,"6",235
553,8,99,"9",99
553,8,92,"1",92
553,8,92,"11",92
553,8,92,"12",92
553,8,92,"14",92
553,8,92,"2",92
553,8,92,"3",92
553,8,92,"4",92
553,8,92,"5",92
553,8,92,"6",92
553,8,92,"7",92
553,8,167,"4",167
553,8,86,"12",86
553,8,89,"5",89
553,8,77,"11",77
553,8,141,"1",141
553,8,141,"12",141
553,8,141,"14",141
553,8,141,"5",141
553,8,141,"7",141
553,8,203,"4",203
553,8,126,"10",126
553,8,126,"13",126
553,8,126,"2",126
553,8,126,"4",126
553,8,227,"1",227
553,8,108,"10",108
553,8,55,"1",55
553,8,55,"10",55
553,8,55,"12",55
553,8,55,"13",55
553,8,55,"14",55
553,8,55,"3",55
553,8,55,"4",55
553,8,55,"6",55
553,8,55,"7",55
553,8,55,"9",55
553,8,170,"1",170
553,8,170,"10",170
553,8,170,"12",170
553,8,170,"13",170
553,8,170,"14",170
553,8,170,"2",170
553,8,170,"3",170
553,8,170,"5",170
553,8,170,"6",170
553,8,170,"9",170
553,8,163,"1",163
553,8,163,"11",163
553,8,163,"14",163
553,8,163,"2",163
553,8,163,"4",163
553,8,163,"5",163
553,8,163,"6",163
553,8,163,"7",163
553,8,163,"9",163
553,8,210,"1",210
553,8,190,"5",190
553,8,190,"6",190
553,8,242,"12",242
553,8,242,"14",242
553,8,242,"5",242
553,8,242,"6",242
553,8,242,"7",242
553,8,242,"9",242
553,8,91,"14",91
553,8,275,"1",275
553,8,275,"10",275
553,8,275,"12",275
553,8,275,"13",275
553,8,275,"14",275
553,8,275,"2",275
553,8,275,"3",275
553,8,275,"4",275
553,8,275,"5",275
553,8,275,"7",275
553,8,275,"9",275
553,8,213,"6",213
553,8,73,"14",73
553,8,73,"9",73
553,8,159,"4",159
553,8,50,"11",50
553,8,50,"12",50
553,8,50,"13",50
553,8,50,"14",50
553,8,50,"3",50
553,8,50,"4",50
553,8,50,"6",50
553,8,238,"10",238
553,8,238,"14",238
553,8,238,"2",238
553,8,197,"14",197
553,8,197,"3",197
553,9,275,"1",275
553,9,275,"10",275
553,9,275,"12",275
553,9,275,"13",275
553,9,275,"14",275
553,9,275,"2",275
553,9,275,"3",275
553,9,275,"4",275
553,9,275,"5",275
553,9,275,"7",275
553,9,275,"8",275
553,9,284,"1",284
553,9,284,"12",284
553,9,284,"14",284
553,9,284,"2",284
553,9,284,"3",284
553,9,284,"4",284
553,9,284,"6",284
553,9,284,"7",284
553,9,165,"11",165
553,9,165,"13",165
553,9,165,"14",165
553,9,165,"2",165
553,9,165,"3",165
553,9,165,"5",165
553,9,165,"6",165
553,9,165,"7",165
553,9,165,"8",165
553,9,114,"4",114
553,9,270,"14",270
553,9,270,"2",270
553,9,270,"5",270
553,9,62,"12",62
553,9,62,"13",62
553,9,44,"12",44
553,9,44,"13",44
553,9,44,"14",44
553,9,44,"5",44
553,9,76,"3",76
553,9,145,"6",145
553,9,241,"14",241
553,9,241,"4",241
553,9,99,"8",99
553,9,72,"14",72
553,9,55,"1",55
553,9,55,"10",55
553,9,55,"12",55
553,9,55,"13",55
553,9,55,"14",55
553,9,55,"3",55
553,9,55,"4",55
553,9,55,"6",55
553,9,55,"7",55
553,9,55,"8",55
553,9,187,"1",187
553,9,187,"10",187
553,9,187,"11",187
553,9,187,"12",187
553,9,187,"2",187
553,9,187,"5",187
553,9,187,"6",187
553,9,187,"7",187
553,9,187,"8",187
553,9,163,"1",163
553,9,163,"11",163
553,9,163,"14",163
553,9,163,"2",163
553,9,163,"4",163
553,9,163,"5",163
553,9,163,"6",163
553,9,163,"7",163
553,9,163,"8",163
553,9,170,"1",170
553,9,170,"10",170
553,9,170,"12",170
553,9,170,"13",170
553,9,170,"14",170
553,9,170,"2",170
553,9,170,"3",170
553,9,170,"5",170
553,9,170,"6",170
553,9,170,"8",170
553,9,111,"1",111
553,9,111,"10",111
553,9,111,"14",111
553,9,111,"2",111
553,9,111,"7",111
553,9,111,"8",111
553,9,73,"14",73
553,9,73,"8",73
553,9,242,"12",242
553,9,242,"14",242
553,9,242,"5",242
553,9,242,"6",242
553,9,242,"7",242
553,9,242,"8",242
553,9,243,"1",243
553,9,243,"5",243
553,9,243,"7",243
553,9,274,"1",274
553,9,274,"10",274
553,9,274,"11",274
553,9,274,"12",274
553,9,274,"14",274
553,9,274,"2",274
553,9,274,"3",274
553,9,274,"4",274
553,9,274,"5",274
553,9,274,"7",274
553,9,274,"8",274
553,1,34,"10",34
553,1,34,"12",34
553,1,34,"6",34
553,1,5,"10",5
553,1,5,"5",5
553,1,5,"9",5
553,1,26,"10",26
553,1,26,"11",26
553,1,26,"12",26
553,1,26,"14",26
553,1,26,"4",26
553,1,26,"5",26
553,1,26,"6",26
553,1,26,"7",26
553,1,26,"8",26
553,1,26,"9",26
553,1,1,"12",1
553,1,1,"4",1
553,1,1,"5",1
553,1,1,"6",1
553,1,1,"7",1
553,1,35,"10",35
553,1,35,"11",35
553,1,35,"12",35
553,1,35,"13",35
553,1,35,"14",35
553,1,35,"5",35
553,1,35,"7",35
553,1,31,"10",31
553,1,31,"11",31
553,1,31,"13",31
553,1,31,"14",31
553,1,31,"3",31
553,1,31,"6",31
553,1,31,"8",31
553,1,17,"10",17
553,1,17,"11",17
553,1,17,"12",17
553,1,17,"13",17
553,1,17,"2",17
553,1,17,"3",17
553,1,17,"5",17
553,1,17,"6",17
553,1,17,"7",17
553,1,17,"8",17
553,1,17,"9",17
553,1,12,"10",12
553,1,12,"12",12
553,1,12,"2",12
553,1,12,"4",12
553,1,12,"7",12
553,1,12,"9",12
553,1,9,"10",9
553,1,9,"11",9
553,1,9,"12",9
553,1,9,"13",9
553,1,9,"14",9
553,1,9,"2",9
553,1,9,"3",9
553,1,9,"4",9
553,1,9,"5",9
553,1,9,"6",9
553,1,9,"7",9
553,1,9,"8",9
553,1,9,"9",9
553,10,38,"2",38
553,10,38,"3",38
553,10,38,"6",38
553,10,38,"8",38
553,10,38,"9",38
553,10,26,"1",26
553,10,26,"11",26
553,10,26,"12",26
553,10,26,"14",26
553,10,26,"4",26
553,10,26,"5",26
553,10,26,"6",26
553,10,26,"7",26
553,10,26,"8",26
553,10,26,"9",26
553,10,15,"14",15
553,10,15,"9",15
553,10,34,"1",34
553,10,34,"12",34
553,10,34,"6",34
553,10,17,"1",17
553,10,17,"11",17
553,10,17,"12",17
553,10,17,"13",17
553,10,17,"2",17
553,10,17,"3",17
553,10,17,"5",17
553,10,17,"6",17
553,10,17,"7",17
553,10,17,"8",17
553,10,17,"9",17
553,10,12,"1",12
553,10,12,"12",12
553,10,12,"2",12
553,10,12,"4",12
553,10,12,"7",12
553,10,12,"9",12
553,10,35,"1",35
553,10,35,"11",35
553,10,35,"12",35
553,10,35,"13",35
553,10,35,"14",35
553,10,35,"5",35
553,10,35,"7",35
553,10,37,"11",37
553,10,37,"7",37
553,10,5,"1",5
553,10,5,"5",5
553,10,5,"9",5
553,10,32,"5",32
553,10,39,"8",39
553,10,31,"1",31
553,10,31,"11",31
553,10,31,"13",31
553,10,31,"14",31
553,10,31,"3",31
553,10,31,"6",31
553,10,31,"8",31
553,10,9,"1",9
553,10,9,"11",9
553,10,9,"12",9
553,10,9,"13",9
553,10,9,"14",9
553,10,9,"2",9
553,10,9,"3",9
553,10,9,"4",9
553,10,9,"5",9
553,10,9,"6",9
553,10,9,"7",9
553,10,9,"8",9
553,10,9,"9",9
553,11,35,"1",35
553,11,35,"10",35
553,11,35,"12",35
553,11,35,"13",35
553,11,35,"14",35
553,11,35,"5",35
553,11,35,"7",35
553,11,26,"1",26
553,11,26,"10",26
553,11,26,"12",26
553,11,26,"14",26
553,11,26,"4",26
553,11,26,"5",26
553,11,26,"6",26
553,11,26,"7",26
553,11,26,"8",26
553,11,26,"9",26
553,11,10,"14",10
553,11,10,"2",10
553,11,10,"4",10
553,11,10,"5",10
553,11,10,"7",10
553,11,10,"8",10
553,11,10,"9",10
553,11,31,"1",31
553,11,31,"10",31
553,11,31,"13",31
553,11,31,"14",31
553,11,31,"3",31
553,11,31,"6",31
553,11,31,"8",31
553,11,17,"1",17
553,11,17,"10",17
553,11,17,"12",17
553,11,17,"13",17
553,11,17,"2",17
553,11,17,"3",17
553,11,17,"5",17
553,11,17,"6",17
553,11,17,"7",17
553,11,17,"8",17
553,11,17,"9",17
553,11,20,"12",20
553,11,37,"10",37
553,11,37,"7",37
553,11,14,"12",14
553,11,14,"14",14
553,11,14,"2",14
553,11,14,"9",14
553,11,9,"1",9
553,11,9,"10",9
553,11,9,"12",9
553,11,9,"13",9
553,11,9,"14",9
553,11,9,"2",9
553,11,9,"3",9
553,11,9,"4",9
553,11,9,"5",9
553,11,9,"6",9
553,11,9,"7",9
553,11,9,"8",9
553,11,9,"9",9
553,12,36,"7",36
553,12,17,"1",17
553,12,17,"10",17
553,12,17,"11",17
553,12,17,"13",17
553,12,17,"2",17
553,12,17,"3",17
553,12,17,"5",17
553,12,17,"6",17
553,12,17,"7",17
553,12,17,"8",17
553,12,17,"9",17
553,12,35,"1",35
553,12,35,"10",35
553,12,35,"11",35
553,12,35,"13",35
553,12,35,"14",35
553,12,35,"5",35
553,12,35,"7",35
553,12,23,"2",23
553,12,34,"1",34
553,12,34,"10",34
553,12,34,"6",34
553,12,1,"1",1
553,12,1,"4",1
553,12,1,"5",1
553,12,1,"6",1
553,12,1,"7",1
553,12,14,"11",14
553,12,14,"14",14
553,12,14,"2",14
553,12,14,"9",14
553,12,12,"1",12
553,12,12,"10",12
553,12,12,"2",12
553,12,12,"4",12
553,12,12,"7",12
553,12,12,"9",12
553,12,13,"7",13
553,12,13,"8",13
553,12,26,"1",26
553,12,26,"10",26
553,12,26,"11",26
553,12,26,"14",26
553,12,26,"4",26
553,12,26,"5",26
553,12,26,"6",26
553,12,26,"7",26
553,12,26,"8",26
553,12,26,"9",26
553,12,20,"11",20
553,12,9,"1",9
553,12,9,"10",9
553,12,9,"11",9
553,12,9,"13",9
553,12,9,"14",9
553,12,9,"2",9
553,12,9,"3",9
553,12,9,"4",9
553,12,9,"5",9
553,12,9,"6",9
553,12,9,"7",9
553,12,9,"8",9
553,12,9,"9",9
553,13,27,"8",27
553,13,35,"1",35
553,13,35,"10",35
553,13,35,"11",35
553,13,35,"12",35
553,13,35,"14",35
553,13,35,"5",35
553,13,35,"7",35
553,13,4,"2",4
553,13,4,"7",4
553,13,4,"8",4
553,13,16,"7",16
553,13,16,"8",16
553,13,16,"9",16
553,13,31,"1",31
553,13,31,"10",31
553,13,31,"11",31
553,13,31,"14",31
553,13,31,"3",31
553,13,31,"6",31
553,13,31,"8",31
553,13,17,"1",17
553,13,17,"10",17
553,13,17,"11",17
553,13,17,"12",17
553,13,17,"2",17
553,13,17,"3",17
553,13,17,"5",17
553,13,17,"6",17
553,13,17,"7",17
553,13,17,"8",17
553,13,17,"9",17
553,13,9,"1",9
553,13,9,"10",9
553,13,9,"11",9
553,13,9,"12",9
553,13,9,"14",9
553,13,9,"2",9
553,13,9,"3",9
553,13,9,"4",9
553,13,9,"5",9
553,13,9,"6",9
553,13,9,"7",9
553,13,9,"8",9
553,13,9,"9",9
553,14,33,"7",33
553,14,33,"9",33
553,14,15,"10",15
553,14,15,"9",15
553,14,35,"1",35
553,14,35,"10",35
553,14,35,"11",35
553,14,35,"12",35
553,14,35,"13",35
553,14,35,"5",35
553,14,35,"7",35
553,14,31,"1",31
553,14,31,"10",31
553,14,31,"11",31
553,14,31,"13",31
553,14,31,"3",31
553,14,31,"6",31
553,14,31,"8",31
553,14,26,"1",26
553,14,26,"10",26
553,14,26,"11",26
553,14,26,"12",26
553,14,26,"4",26
553,14,26,"5",26
553,14,26,"6",26
553,14,26,"7",26
553,14,26,"8",26
553,14,26,"9",26
553,14,10,"11",10
553,14,10,"2",10
553,14,10,"4",10
553,14,10,"5",10
553,14,10,"7",10
553,14,10,"8",10
553,14,10,"9",10
553,14,14,"11",14
553,14,14,"12",14
553,14,14,"2",14
553,14,14,"9",14
553,14,9,"1",9
553,14,9,"10",9
553,14,9,"11",9
553,14,9,"12",9
553,14,9,"13",9
553,14,9,"2",9
553,14,9,"3",9
553,14,9,"4",9
553,14,9,"5",9
553,14,9,"6",9
553,14,9,"7",9
553,14,9,"8",9
553,14,9,"9",9
553,2,38,"10",38
553,2,38,"3",38
553,2,38,"6",38
553,2,38,"8",38
553,2,38,"9",38
553,2,14,"11",14
553,2,14,"12",14
553,2,14,"14",14
553,2,14,"9",14
553,2,10,"11",10
553,2,10,"14",10
553,2,10,"4",10
553,2,10,"5",10
553,2,10,"7",10
553,2,10,"8",10
553,2,10,"9",10
553,2,12,"1",12
553,2,12,"10",12
553,2,12,"12",12
553,2,12,"4",12
553,2,12,"7",12
553,2,12,"9",12
553,2,17,"1",17
553,2,17,"10",17
553,2,17,"11",17
553,2,17,"12",17
553,2,17,"13",17
553,2,17,"3",17
553,2,17,"5",17
553,2,17,"6",17
553,2,17,"7",17
553,2,17,"8",17
553,2,17,"9",17
553,2,11,"6",11
553,2,4,"13",4
553,2,4,"7",4
553,2,4,"8",4
553,2,23,"12",23
553,2,9,"1",9
553,2,9,"10",9
553,2,9,"11",9
553,2,9,"12",9
553,2,9,"13",9
553,2,9,"14",9
553,2,9,"3",9
553,2,9,"4",9
553,2,9,"5",9
553,2,9,"6",9
553,2,9,"7",9
553,2,9,"8",9
553,2,9,"9",9
553,3,3,"9",3
553,3,17,"1",17
553,3,17,"10",17
553,3,17,"11",17
553,3,17,"12",17
553,3,17,"13",17
553,3,17,"2",17
553,3,17,"5",17
553,3,17,"6",17
553,3,17,"7",17
553,3,17,"8",17
553,3,17,"9",17
553,3,38,"10",38
553,3,38,"2",38
553,3,38,"6",38
553,3,38,"8",38
553,3,38,"9",38
553,3,31,"1",31
553,3,31,"10",31
553,3,31,"11",31
553,3,31,"13",31
553,3,31,"14",31
553,3,31,"6",31
553,3,31,"8",31
553,3,9,"1",9
553,3,9,"10",9
553,3,9,"11",9
553,3,9,"12",9
553,3,9,"13",9
553,3,9,"14",9
553,3,9,"2",9
553,3,9,"4",9
553,3,9,"5",9
553,3,9,"6",9
553,3,9,"7",9
553,3,9,"8",9
553,3,9,"9",9
553,4,26,"1",26
553,4,26,"10",26
553,4,26,"11",26
553,4,26,"12",26
553,4,26,"14",26
553,4,26,"5",26
553,4,26,"6",26
553,4,26,"7",26
553,4,26,"8",26
553,4,26,"9",26
553,4,1,"1",1
553,4,1,"12",1
553,4,1,"5",1
553,4,1,"6",1
553,4,1,"7",1
553,4,12,"1",12
553,4,12,"10",12
553,4,12,"12",12
553,4,12,"2",12
553,4,12,"7",12
553,4,12,"9",12
553,4,28,"8",28
553,4,10,"11",10
553,4,10,"14",10
553,4,10,"2",10
553,4,10,"5",10
553,4,10,"7",10
553,4,10,"8",10
553,4,10,"9",10
553,4,9,"1",9
553,4,9,"10",9
553,4,9,"11",9
553,4,9,"12",9
553,4,9,"13",9
553,4,9,"14",9
553,4,9,"2",9
553,4,9,"3",9
553,4,9,"5",9
553,4,9,"6",9
553,4,9,"7",9
553,4,9,"8",9
553,4,9,"9",9
553,5,26,"1",26
553,5,26,"10",26
553,5,26,"11",26
553,5,26,"12",26
553,5,26,"14",26
553,5,26,"4",26
553,5,26,"6",26
553,5,26,"7",26
553,5,26,"8",26
553,5,26,"9",26
553,5,1,"1",1
553,5,1,"12",1
553,5,1,"4",1
553,5,1,"6",1
553,5,1,"7",1
553,5,32,"10",32
553,5,5,"1",5
553,5,5,"10",5
553,5,5,"9",5
553,5,35,"1",35
553,5,35,"10",35
553,5,35,"11",35
553,5,35,"12",35
553,5,35,"13",35
553,5,35,"14",35
553,5,35,"7",35
553,5,10,"11",10
553,5,10,"14",10
553,5,10,"2",10
553,5,10,"4",10
553,5,10,"7",10
553,5,10,"8",10
553,5,10,"9",10
553,5,17,"1",17
553,5,17,"10",17
553,5,17,"11",17
553,5,17,"12",17
553,5,17,"13",17
553,5,17,"2",17
553,5,17,"3",17
553,5,17,"6",17
553,5,17,"7",17
553,5,17,"8",17
553,5,17,"9",17
553,5,9,"1",9
553,5,9,"10",9
553,5,9,"11",9
553,5,9,"12",9
553,5,9,"13",9
553,5,9,"14",9
553,5,9,"2",9
553,5,9,"3",9
553,5,9,"4",9
553,5,9,"6",9
553,5,9,"7",9
553,5,9,"8",9
553,5,9,"9",9
553,6,31,"1",31
553,6,31,"10",31
553,6,31,"11",31
553,6,31,"13",31
553,6,31,"14",31
553,6,31,"3",31
553,6,31,"8",31
553,6,38,"10",38
553,6,38,"2",38
553,6,38,"3",38
553,6,38,"8",38
553,6,38,"9",38
553,6,34,"1",34
553,6,34,"10",34
553,6,34,"12",34
553,6,1,"1",1
553,6,1,"12",1
553,6,1,"4",1
553,6,1,"5",1
553,6,1,"7",1
553,6,26,"1",26
553,6,26,"10",26
553,6,26,"11",26
553,6,26,"12",26
553,6,26,"14",26
553,6,26,"4",26
553,6,26,"5",26
553,6,26,"7",26
553,6,26,"8",26
553,6,26,"9",26
553,6,11,"2",11
553,6,17,"1",17
553,6,17,"10",17
553,6,17,"11",17
553,6,17,"12",17
553,6,17,"13",17
553,6,17,"2",17
553,6,17,"3",17
553,6,17,"5",17
553,6,17,"7",17
553,6,17,"8",17
553,6,17,"9",17
553,6,9,"1",9
553,6,9,"10",9
553,6,9,"11",9
553,6,9,"12",9
553,6,9,"13",9
553,6,9,"14",9
553,6,9,"2",9
553,6,9,"3",9
553,6,9,"4",9
553,6,9,"5",9
553,6,9,"7",9
553,6,9,"8",9
553,6,9,"9",9
553,7,12,"1",12
553,7,12,"10",12
553,7,12,"12",12
553,7,12,"2",12
553,7,12,"4",12
553,7,12,"9",12
553,7,33,"14",33
553,7,33,"9",33
553,7,4,"13",4
553,7,4,"2",4
553,7,4,"8",4
553,7,1,"1",1
553,7,1,"12",1
553,7,1,"4",1
553,7,1,"5",1
553,7,1,"6",1
553,7,35,"1",35
553,7,35,"10",35
553,7,35,"11",35
553,7,35,"12",35
553,7,35,"13",35
553,7,35,"14",35
553,7,35,"5",35
553,7,36,"12",36
553,7,16,"13",16
553,7,16,"8",16
553,7,16,"9",16
553,7,17,"1",17
553,7,17,"10",17
553,7,17,"11",17
553,7,17,"12",17
553,7,17,"13",17
553,7,17,"2",17
553,7,17,"3",17
553,7,17,"5",17
553,7,17,"6",17
553,7,17,"8",17
553,7,17,"9",17
553,7,10,"11",10
553,7,10,"14",10
553,7,10,"2",10
553,7,10,"4",10
553,7,10,"5",10
553,7,10,"8",10
553,7,10,"9",10
553,7,13,"12",13
553,7,13,"8",13
553,7,26,"1",26
553,7,26,"10",26
553,7,26,"11",26
553,7,26,"12",26
553,7,26,"14",26
553,7,26,"4",26
553,7,26,"5",26
553,7,26,"6",26
553,7,26,"8",26
553,7,26,"9",26
553,7,37,"10",37
553,7,37,"11",37
553,7,9,"1",9
553,7,9,"10",9
553,7,9,"11",9
553,7,9,"12",9
553,7,9,"13",9
553,7,9,"14",9
553,7,9,"2",9
553,7,9,"3",9
553,7,9,"4",9
553,7,9,"5",9
553,7,9,"6",9
553,7,9,"8",9
553,7,9,"9",9
553,8,10,"11",10
553,8,10,"14",10
553,8,10,"2",10
553,8,10,"4",10
553,8,10,"5",10
553,8,10,"7",10
553,8,10,"9",10
553,8,16,"13",16
553,8,16,"7",16
553,8,16,"9",16
553,8,31,"1",31
553,8,31,"10",31
553,8,31,"11",31
553,8,31,"13",31
553,8,31,"14",31
553,8,31,"3",31
553,8,31,"6",31
553,8,38,"10",38
553,8,38,"2",38
553,8,38,"3",38
553,8,38,"6",38
553,8,38,"9",38
553,8,4,"13",4
553,8,4,"2",4
553,8,4,"7",4
553,8,39,"10",39
553,8,26,"1",26
553,8,26,"10",26
553,8,26,"11",26
553,8,26,"12",26
553,8,26,"14",26
553,8,26,"4",26
553,8,26,"5",26
553,8,26,"6",26
553,8,26,"7",26
553,8,26,"9",26
553,8,28,"4",28
553,8,17,"1",17
553,8,17,"10",17
553,8,17,"11",17
553,8,17,"12",17
553,8,17,"13",17
553,8,17,"2",17
553,8,17,"3",17
553,8,17,"5",17
553,8,17,"6",17
553,8,17,"7",17
553,8,17,"9",17
553,8,27,"13",27
553,8,13,"12",13
553,8,13,"7",13
553,8,9,"1",9
553,8,9,"10",9
553,8,9,"11",9
553,8,9,"12",9
553,8,9,"13",9
553,8,9,"14",9
553,8,9,"2",9
553,8,9,"3",9
553,8,9,"4",9
553,8,9,"5",9
553,8,9,"6",9
553,8,9,"7",9
553,8,9,"9",9
553,9,12,"1",12
553,9,12,"10",12
553,9,12,"12",12
553,9,12,"2",12
553,9,12,"4",12
553,9,12,"7",12
553,9,17,"1",17
553,9,17,"10",17
553,9,17,"11",17
553,9,17,"12",17
553,9,17,"13",17
553,9,17,"2",17
553,9,17,"3",17
553,9,17,"5",17
553,9,17,"6",17
553,9,17,"7",17
553,9,17,"8",17
553,9,33,"14",33
553,9,33,"7",33
553,9,5,"1",5
553,9,5,"10",5
553,9,5,"5",5
553,9,26,"1",26
553,9,26,"10",26
553,9,26,"11",26
553,9,26,"12",26
553,9,26,"14",26
553,9,26,"4",26
553,9,26,"5",26
553,9,26,"6",26
553,9,26,"7",26
553,9,26,"8",26
553,9,10,"11",10
553,9,10,"14",10
553,9,10,"2",10
553,9,10,"4",10
553,9,10,"5",10
553,9,10,"7",10
553,9,10,"8",10
553,9,15,"10",15
553,9,15,"14",15
553,9,16,"13",16
553,9,16,"7",16
553,9,16,"8",16
553,9,38,"10",38
553,9,38,"2",38
553,9,38,"3",38
553,9,38,"6",38
553,9,38,"8",38
553,9,3,"3",3
553,9,14,"11",14
553,9,14,"12",14
553,9,14,"14",14
553,9,14,"2",14
553,9,9,"1",9
553,9,9,"10",9
553,9,9,"11",9
553,9,9,"12",9
553,9,9,"13",9
553,9,9,"14",9
553,9,9,"2",9
553,9,9,"3",9
553,9,9,"4",9
553,9,9,"5",9
553,9,9,"6",9
553,9,9,"7",9
553,9,9,"8",9
