"trial_number","layer_from","node_from","layer_to","node_to"
319,1,258,"2",258
319,1,216,"11",216
319,1,216,"12",216
319,1,216,"2",216
319,1,216,"3",216
319,1,216,"4",216
319,1,216,"8",216
319,1,113,"2",113
319,1,225,"3",225
319,1,225,"4",225
319,1,284,"10",284
319,1,284,"12",284
319,1,284,"2",284
319,1,284,"3",284
319,1,284,"4",284
319,1,284,"6",284
319,1,284,"7",284
319,1,284,"8",284
319,1,54,"2",54
319,1,170,"12",170
319,1,170,"13",170
319,1,170,"14",170
319,1,170,"2",170
319,1,170,"3",170
319,1,170,"4",170
319,1,170,"5",170
319,1,170,"6",170
319,1,170,"7",170
319,1,170,"8",170
319,1,262,"2",262
319,1,99,"4",99
319,1,45,"2",45
319,1,194,"2",194
319,1,242,"10",242
319,1,242,"14",242
319,1,242,"2",242
319,1,242,"3",242
319,1,242,"4",242
319,1,242,"9",242
319,1,104,"9",104
319,1,72,"2",72
319,1,86,"2",86
319,1,160,"2",160
319,1,187,"10",187
319,1,187,"11",187
319,1,187,"12",187
319,1,187,"2",187
319,1,187,"5",187
319,1,187,"6",187
319,1,187,"7",187
319,1,187,"8",187
319,1,187,"9",187
319,1,189,"2",189
319,1,230,"2",230
319,1,232,"2",232
319,1,273,"2",273
319,1,49,"2",49
319,10,126,"11",126
319,10,126,"13",126
319,10,126,"14",126
319,10,126,"9",126
319,10,137,"8",137
319,10,165,"11",165
319,10,165,"12",165
319,10,165,"13",165
319,10,165,"14",165
319,10,165,"5",165
319,10,165,"6",165
319,10,165,"7",165
319,10,165,"8",165
319,10,165,"9",165
319,10,190,"13",190
319,10,190,"14",190
319,10,241,"7",241
319,10,241,"8",241
319,10,254,"14",254
319,10,254,"8",254
319,10,254,"9",254
319,10,274,"11",274
319,10,274,"12",274
319,10,274,"13",274
319,10,274,"14",274
319,10,274,"3",274
319,10,274,"4",274
319,10,274,"5",274
319,10,274,"6",274
319,10,274,"7",274
319,10,274,"8",274
319,10,274,"9",274
319,10,275,"11",275
319,10,275,"12",275
319,10,275,"13",275
319,10,275,"14",275
319,10,275,"3",275
319,10,275,"4",275
319,10,275,"5",275
319,10,275,"6",275
319,10,275,"7",275
319,10,275,"8",275
319,10,275,"9",275
319,10,278,"9",278
319,10,60,"11",60
319,10,60,"12",60
319,10,60,"5",60
319,10,60,"6",60
319,10,60,"7",60
319,10,60,"8",60
319,10,60,"9",60
319,10,92,"11",92
319,10,92,"12",92
319,10,92,"13",92
319,10,92,"14",92
319,10,92,"3",92
319,10,92,"5",92
319,10,92,"6",92
319,10,92,"7",92
319,10,92,"8",92
319,10,92,"9",92
319,10,138,"11",138
319,10,138,"12",138
319,10,138,"13",138
319,10,138,"14",138
319,10,138,"9",138
319,10,139,"13",139
319,10,139,"5",139
319,10,163,"11",163
319,10,163,"12",163
319,10,163,"13",163
319,10,163,"14",163
319,10,163,"3",163
319,10,163,"5",163
319,10,163,"6",163
319,10,163,"8",163
319,10,163,"9",163
319,10,101,"12",101
319,10,101,"2",101
319,10,101,"3",101
319,10,101,"4",101
319,10,101,"8",101
319,10,284,"1",284
319,10,284,"12",284
319,10,284,"2",284
319,10,284,"3",284
319,10,284,"4",284
319,10,284,"6",284
319,10,284,"7",284
319,10,284,"8",284
319,10,166,"9",166
319,10,44,"12",44
319,10,44,"5",44
319,10,44,"6",44
319,10,44,"7",44
319,10,55,"12",55
319,10,55,"13",55
319,10,55,"14",55
319,10,55,"3",55
319,10,55,"4",55
319,10,55,"5",55
319,10,55,"6",55
319,10,55,"7",55
319,10,55,"8",55
319,10,55,"9",55
319,10,56,"12",56
319,10,56,"5",56
319,10,56,"7",56
319,10,266,"7",266
319,10,266,"8",266
319,10,109,"8",109
319,10,181,"9",181
319,10,211,"14",211
319,10,211,"6",211
319,10,211,"9",211
319,10,50,"3",50
319,10,50,"4",50
319,10,50,"5",50
319,10,50,"6",50
319,10,50,"7",50
319,10,50,"8",50
319,10,50,"9",50
319,10,112,"6",112
319,10,141,"11",141
319,10,141,"12",141
319,10,141,"13",141
319,10,141,"14",141
319,10,141,"9",141
319,10,187,"1",187
319,10,187,"11",187
319,10,187,"12",187
319,10,187,"2",187
319,10,187,"5",187
319,10,187,"6",187
319,10,187,"7",187
319,10,187,"8",187
319,10,187,"9",187
319,10,193,"14",193
319,10,242,"1",242
319,10,242,"14",242
319,10,242,"2",242
319,10,242,"3",242
319,10,242,"4",242
319,10,242,"9",242
319,10,140,"14",140
319,10,140,"8",140
319,10,276,"5",276
319,10,276,"6",276
319,10,276,"8",276
319,10,175,"9",175
319,11,111,"14",111
319,11,111,"4",111
319,11,111,"5",111
319,11,111,"6",111
319,11,111,"7",111
319,11,111,"8",111
319,11,165,"10",165
319,11,165,"12",165
319,11,165,"13",165
319,11,165,"14",165
319,11,165,"5",165
319,11,165,"6",165
319,11,165,"7",165
319,11,165,"8",165
319,11,165,"9",165
319,11,192,"12",192
319,11,192,"14",192
319,11,192,"7",192
319,11,192,"8",192
319,11,215,"12",215
319,11,215,"6",215
319,11,255,"12",255
319,11,255,"13",255
319,11,270,"13",270
319,11,270,"6",270
319,11,270,"9",270
319,11,272,"12",272
319,11,274,"10",274
319,11,274,"12",274
319,11,274,"13",274
319,11,274,"14",274
319,11,274,"3",274
319,11,274,"4",274
319,11,274,"5",274
319,11,274,"6",274
319,11,274,"7",274
319,11,274,"8",274
319,11,274,"9",274
319,11,275,"10",275
319,11,275,"12",275
319,11,275,"13",275
319,11,275,"14",275
319,11,275,"3",275
319,11,275,"4",275
319,11,275,"5",275
319,11,275,"6",275
319,11,275,"7",275
319,11,275,"8",275
319,11,275,"9",275
319,11,80,"12",80
319,11,88,"12",88
319,11,92,"10",92
319,11,92,"12",92
319,11,92,"13",92
319,11,92,"14",92
319,11,92,"3",92
319,11,92,"5",92
319,11,92,"6",92
319,11,92,"7",92
319,11,92,"8",92
319,11,92,"9",92
319,11,138,"10",138
319,11,138,"12",138
319,11,138,"13",138
319,11,138,"14",138
319,11,138,"9",138
319,11,187,"1",187
319,11,187,"10",187
319,11,187,"12",187
319,11,187,"2",187
319,11,187,"5",187
319,11,187,"6",187
319,11,187,"7",187
319,11,187,"8",187
319,11,187,"9",187
319,11,197,"12",197
319,11,197,"3",197
319,11,62,"12",62
319,11,62,"7",62
319,11,126,"10",126
319,11,126,"13",126
319,11,126,"14",126
319,11,126,"9",126
319,11,163,"10",163
319,11,163,"12",163
319,11,163,"13",163
319,11,163,"14",163
319,11,163,"3",163
319,11,163,"5",163
319,11,163,"6",163
319,11,163,"8",163
319,11,163,"9",163
319,11,60,"10",60
319,11,60,"12",60
319,11,60,"5",60
319,11,60,"6",60
319,11,60,"7",60
319,11,60,"8",60
319,11,60,"9",60
319,11,207,"14",207
319,11,216,"1",216
319,11,216,"12",216
319,11,216,"2",216
319,11,216,"3",216
319,11,216,"4",216
319,11,216,"8",216
319,11,238,"12",238
319,11,238,"7",238
319,11,238,"8",238
319,11,243,"12",243
319,11,243,"13",243
319,11,243,"8",243
319,11,141,"10",141
319,11,141,"12",141
319,11,141,"13",141
319,11,141,"14",141
319,11,141,"9",141
319,12,165,"10",165
319,12,165,"11",165
319,12,165,"13",165
319,12,165,"14",165
319,12,165,"5",165
319,12,165,"6",165
319,12,165,"7",165
319,12,165,"8",165
319,12,165,"9",165
319,12,170,"1",170
319,12,170,"13",170
319,12,170,"14",170
319,12,170,"2",170
319,12,170,"3",170
319,12,170,"4",170
319,12,170,"5",170
319,12,170,"6",170
319,12,170,"7",170
319,12,170,"8",170
319,12,255,"11",255
319,12,255,"13",255
319,12,272,"11",272
319,12,274,"10",274
319,12,274,"11",274
319,12,274,"13",274
319,12,274,"14",274
319,12,274,"3",274
319,12,274,"4",274
319,12,274,"5",274
319,12,274,"6",274
319,12,274,"7",274
319,12,274,"8",274
319,12,274,"9",274
319,12,80,"11",80
319,12,88,"11",88
319,12,101,"10",101
319,12,101,"2",101
319,12,101,"3",101
319,12,101,"4",101
319,12,101,"8",101
319,12,163,"10",163
319,12,163,"11",163
319,12,163,"13",163
319,12,163,"14",163
319,12,163,"3",163
319,12,163,"5",163
319,12,163,"6",163
319,12,163,"8",163
319,12,163,"9",163
319,12,187,"1",187
319,12,187,"10",187
319,12,187,"11",187
319,12,187,"2",187
319,12,187,"5",187
319,12,187,"6",187
319,12,187,"7",187
319,12,187,"8",187
319,12,187,"9",187
319,12,238,"11",238
319,12,238,"7",238
319,12,238,"8",238
319,12,92,"10",92
319,12,92,"11",92
319,12,92,"13",92
319,12,92,"14",92
319,12,92,"3",92
319,12,92,"5",92
319,12,92,"6",92
319,12,92,"7",92
319,12,92,"8",92
319,12,92,"9",92
319,12,239,"13",239
319,12,239,"5",239
319,12,239,"6",239
319,12,55,"10",55
319,12,55,"13",55
319,12,55,"14",55
319,12,55,"3",55
319,12,55,"4",55
319,12,55,"5",55
319,12,55,"6",55
319,12,55,"7",55
319,12,55,"8",55
319,12,55,"9",55
319,12,56,"10",56
319,12,56,"5",56
319,12,56,"7",56
319,12,60,"10",60
319,12,60,"11",60
319,12,60,"5",60
319,12,60,"6",60
319,12,60,"7",60
319,12,60,"8",60
319,12,60,"9",60
319,12,275,"10",275
319,12,275,"11",275
319,12,275,"13",275
319,12,275,"14",275
319,12,275,"3",275
319,12,275,"4",275
319,12,275,"5",275
319,12,275,"6",275
319,12,275,"7",275
319,12,275,"8",275
319,12,275,"9",275
319,12,44,"10",44
319,12,44,"5",44
319,12,44,"6",44
319,12,44,"7",44
319,12,138,"10",138
319,12,138,"11",138
319,12,138,"13",138
319,12,138,"14",138
319,12,138,"9",138
319,12,203,"6",203
319,12,215,"11",215
319,12,215,"6",215
319,12,216,"1",216
319,12,216,"11",216
319,12,216,"2",216
319,12,216,"3",216
319,12,216,"4",216
319,12,216,"8",216
319,12,284,"1",284
319,12,284,"10",284
319,12,284,"2",284
319,12,284,"3",284
319,12,284,"4",284
319,12,284,"6",284
319,12,284,"7",284
319,12,284,"8",284
319,12,62,"11",62
319,12,62,"7",62
319,12,84,"8",84
319,12,243,"11",243
319,12,243,"13",243
319,12,243,"8",243
319,12,146,"3",146
319,12,192,"11",192
319,12,192,"14",192
319,12,192,"7",192
319,12,192,"8",192
319,12,143,"7",143
319,12,197,"11",197
319,12,197,"3",197
319,12,98,"13",98
319,12,98,"7",98
319,12,108,"14",108
319,12,141,"10",141
319,12,141,"11",141
319,12,141,"13",141
319,12,141,"14",141
319,12,141,"9",141
319,13,103,"14",103
319,13,107,"14",107
319,13,115,"14",115
319,13,115,"5",115
319,13,126,"10",126
319,13,126,"11",126
319,13,126,"14",126
319,13,126,"9",126
319,13,136,"5",136
319,13,136,"7",136
319,13,136,"8",136
319,13,138,"10",138
319,13,138,"11",138
319,13,138,"12",138
319,13,138,"14",138
319,13,138,"9",138
319,13,139,"10",139
319,13,139,"5",139
319,13,141,"10",141
319,13,141,"11",141
319,13,141,"12",141
319,13,141,"14",141
319,13,141,"9",141
319,13,163,"10",163
319,13,163,"11",163
319,13,163,"12",163
319,13,163,"14",163
319,13,163,"3",163
319,13,163,"5",163
319,13,163,"6",163
319,13,163,"8",163
319,13,163,"9",163
319,13,165,"10",165
319,13,165,"11",165
319,13,165,"12",165
319,13,165,"14",165
319,13,165,"5",165
319,13,165,"6",165
319,13,165,"7",165
319,13,165,"8",165
319,13,165,"9",165
319,13,170,"1",170
319,13,170,"12",170
319,13,170,"14",170
319,13,170,"2",170
319,13,170,"3",170
319,13,170,"4",170
319,13,170,"5",170
319,13,170,"6",170
319,13,170,"7",170
319,13,170,"8",170
319,13,190,"10",190
319,13,190,"14",190
319,13,239,"12",239
319,13,239,"5",239
319,13,239,"6",239
319,13,255,"11",255
319,13,255,"12",255
319,13,55,"10",55
319,13,55,"12",55
319,13,55,"14",55
319,13,55,"3",55
319,13,55,"4",55
319,13,55,"5",55
319,13,55,"6",55
319,13,55,"7",55
319,13,55,"8",55
319,13,55,"9",55
319,13,92,"10",92
319,13,92,"11",92
319,13,92,"12",92
319,13,92,"14",92
319,13,92,"3",92
319,13,92,"5",92
319,13,92,"6",92
319,13,92,"7",92
319,13,92,"8",92
319,13,92,"9",92
319,13,176,"7",176
319,13,202,"6",202
319,13,243,"11",243
319,13,243,"12",243
319,13,243,"8",243
319,13,275,"10",275
319,13,275,"11",275
319,13,275,"12",275
319,13,275,"14",275
319,13,275,"3",275
319,13,275,"4",275
319,13,275,"5",275
319,13,275,"6",275
319,13,275,"7",275
319,13,275,"8",275
319,13,275,"9",275
319,13,98,"12",98
319,13,98,"7",98
319,13,265,"14",265
319,13,114,"14",114
319,13,270,"11",270
319,13,270,"6",270
319,13,270,"9",270
319,13,274,"10",274
319,13,274,"11",274
319,13,274,"12",274
319,13,274,"14",274
319,13,274,"3",274
319,13,274,"4",274
319,13,274,"5",274
319,13,274,"6",274
319,13,274,"7",274
319,13,274,"8",274
319,13,274,"9",274
319,14,103,"13",103
319,14,111,"11",111
319,14,111,"4",111
319,14,111,"5",111
319,14,111,"6",111
319,14,111,"7",111
319,14,111,"8",111
319,14,115,"13",115
319,14,115,"5",115
319,14,126,"10",126
319,14,126,"11",126
319,14,126,"13",126
319,14,126,"9",126
319,14,138,"10",138
319,14,138,"11",138
319,14,138,"12",138
319,14,138,"13",138
319,14,138,"9",138
319,14,141,"10",141
319,14,141,"11",141
319,14,141,"12",141
319,14,141,"13",141
319,14,141,"9",141
319,14,163,"10",163
319,14,163,"11",163
319,14,163,"12",163
319,14,163,"13",163
319,14,163,"3",163
319,14,163,"5",163
319,14,163,"6",163
319,14,163,"8",163
319,14,163,"9",163
319,14,165,"10",165
319,14,165,"11",165
319,14,165,"12",165
319,14,165,"13",165
319,14,165,"5",165
319,14,165,"6",165
319,14,165,"7",165
319,14,165,"8",165
319,14,165,"9",165
319,14,170,"1",170
319,14,170,"12",170
319,14,170,"13",170
319,14,170,"2",170
319,14,170,"3",170
319,14,170,"4",170
319,14,170,"5",170
319,14,170,"6",170
319,14,170,"7",170
319,14,170,"8",170
319,14,190,"10",190
319,14,190,"13",190
319,14,207,"11",207
319,14,242,"1",242
319,14,242,"10",242
319,14,242,"2",242
319,14,242,"3",242
319,14,242,"4",242
319,14,242,"9",242
319,14,254,"10",254
319,14,254,"8",254
319,14,254,"9",254
319,14,265,"13",265
319,14,92,"10",92
319,14,92,"11",92
319,14,92,"12",92
319,14,92,"13",92
319,14,92,"3",92
319,14,92,"5",92
319,14,92,"6",92
319,14,92,"7",92
319,14,92,"8",92
319,14,92,"9",92
319,14,108,"12",108
319,14,193,"10",193
319,14,192,"11",192
319,14,192,"12",192
319,14,192,"7",192
319,14,192,"8",192
319,14,210,"4",210
319,14,275,"10",275
319,14,275,"11",275
319,14,275,"12",275
319,14,275,"13",275
319,14,275,"3",275
319,14,275,"4",275
319,14,275,"5",275
319,14,275,"6",275
319,14,275,"7",275
319,14,275,"8",275
319,14,275,"9",275
319,14,140,"10",140
319,14,140,"8",140
319,14,226,"7",226
319,14,114,"13",114
319,14,55,"10",55
319,14,55,"12",55
319,14,55,"13",55
319,14,55,"3",55
319,14,55,"4",55
319,14,55,"5",55
319,14,55,"6",55
319,14,55,"7",55
319,14,55,"8",55
319,14,55,"9",55
319,14,211,"10",211
319,14,211,"6",211
319,14,211,"9",211
319,14,107,"13",107
319,14,274,"10",274
319,14,274,"11",274
319,14,274,"12",274
319,14,274,"13",274
319,14,274,"3",274
319,14,274,"4",274
319,14,274,"5",274
319,14,274,"6",274
319,14,274,"7",274
319,14,274,"8",274
319,14,274,"9",274
319,2,45,"1",45
319,2,258,"1",258
319,2,72,"1",72
319,2,160,"1",160
319,2,194,"1",194
319,2,206,"3",206
319,2,242,"1",242
319,2,242,"10",242
319,2,242,"14",242
319,2,242,"3",242
319,2,242,"4",242
319,2,242,"9",242
319,2,284,"1",284
319,2,284,"10",284
319,2,284,"12",284
319,2,284,"3",284
319,2,284,"4",284
319,2,284,"6",284
319,2,284,"7",284
319,2,284,"8",284
319,2,54,"1",54
319,2,86,"1",86
319,2,113,"1",113
319,2,170,"1",170
319,2,170,"12",170
319,2,170,"13",170
319,2,170,"14",170
319,2,170,"3",170
319,2,170,"4",170
319,2,170,"5",170
319,2,170,"6",170
319,2,170,"7",170
319,2,170,"8",170
319,2,230,"1",230
319,2,262,"1",262
319,2,101,"10",101
319,2,101,"12",101
319,2,101,"3",101
319,2,101,"4",101
319,2,101,"8",101
319,2,187,"1",187
319,2,187,"10",187
319,2,187,"11",187
319,2,187,"12",187
319,2,187,"5",187
319,2,187,"6",187
319,2,187,"7",187
319,2,187,"8",187
319,2,187,"9",187
319,2,189,"1",189
319,2,212,"7",212
319,2,216,"1",216
319,2,216,"11",216
319,2,216,"12",216
319,2,216,"3",216
319,2,216,"4",216
319,2,216,"8",216
319,2,232,"1",232
319,2,273,"1",273
319,2,49,"1",49
319,3,131,"4",131
319,3,234,"4",234
319,3,275,"10",275
319,3,275,"11",275
319,3,275,"12",275
319,3,275,"13",275
319,3,275,"14",275
319,3,275,"4",275
319,3,275,"5",275
319,3,275,"6",275
319,3,275,"7",275
319,3,275,"8",275
319,3,275,"9",275
319,3,146,"12",146
319,3,163,"10",163
319,3,163,"11",163
319,3,163,"12",163
319,3,163,"13",163
319,3,163,"14",163
319,3,163,"5",163
319,3,163,"6",163
319,3,163,"8",163
319,3,163,"9",163
319,3,170,"1",170
319,3,170,"12",170
319,3,170,"13",170
319,3,170,"14",170
319,3,170,"2",170
319,3,170,"4",170
319,3,170,"5",170
319,3,170,"6",170
319,3,170,"7",170
319,3,170,"8",170
319,3,206,"2",206
319,3,216,"1",216
319,3,216,"11",216
319,3,216,"12",216
319,3,216,"2",216
319,3,216,"4",216
319,3,216,"8",216
319,3,225,"1",225
319,3,225,"4",225
319,3,236,"4",236
319,3,242,"1",242
319,3,242,"10",242
319,3,242,"14",242
319,3,242,"2",242
319,3,242,"4",242
319,3,242,"9",242
319,3,284,"1",284
319,3,284,"10",284
319,3,284,"12",284
319,3,284,"2",284
319,3,284,"4",284
319,3,284,"6",284
319,3,284,"7",284
319,3,284,"8",284
319,3,50,"10",50
319,3,50,"4",50
319,3,50,"5",50
319,3,50,"6",50
319,3,50,"7",50
319,3,50,"8",50
319,3,50,"9",50
319,3,55,"10",55
319,3,55,"12",55
319,3,55,"13",55
319,3,55,"14",55
319,3,55,"4",55
319,3,55,"5",55
319,3,55,"6",55
319,3,55,"7",55
319,3,55,"8",55
319,3,55,"9",55
319,3,59,"4",59
319,3,77,"4",77
319,3,81,"4",81
319,3,81,"9",81
319,3,89,"4",89
319,3,91,"4",91
319,3,95,"5",95
319,3,274,"10",274
319,3,274,"11",274
319,3,274,"12",274
319,3,274,"13",274
319,3,274,"14",274
319,3,274,"4",274
319,3,274,"5",274
319,3,274,"6",274
319,3,274,"7",274
319,3,274,"8",274
319,3,274,"9",274
319,3,92,"10",92
319,3,92,"11",92
319,3,92,"12",92
319,3,92,"13",92
319,3,92,"14",92
319,3,92,"5",92
319,3,92,"6",92
319,3,92,"7",92
319,3,92,"8",92
319,3,92,"9",92
319,3,264,"4",264
319,3,101,"10",101
319,3,101,"12",101
319,3,101,"2",101
319,3,101,"4",101
319,3,101,"8",101
319,3,106,"6",106
319,3,197,"11",197
319,3,197,"12",197
319,3,235,"5",235
319,3,235,"6",235
319,3,235,"7",235
319,3,235,"8",235
319,4,145,"7",145
319,4,275,"10",275
319,4,275,"11",275
319,4,275,"12",275
319,4,275,"13",275
319,4,275,"14",275
319,4,275,"3",275
319,4,275,"5",275
319,4,275,"6",275
319,4,275,"7",275
319,4,275,"8",275
319,4,275,"9",275
319,4,111,"11",111
319,4,111,"14",111
319,4,111,"5",111
319,4,111,"6",111
319,4,111,"7",111
319,4,111,"8",111
319,4,170,"1",170
319,4,170,"12",170
319,4,170,"13",170
319,4,170,"14",170
319,4,170,"2",170
319,4,170,"3",170
319,4,170,"5",170
319,4,170,"6",170
319,4,170,"7",170
319,4,170,"8",170
319,4,225,"1",225
319,4,225,"3",225
319,4,234,"3",234
319,4,236,"3",236
319,4,242,"1",242
319,4,242,"10",242
319,4,242,"14",242
319,4,242,"2",242
319,4,242,"3",242
319,4,242,"9",242
319,4,284,"1",284
319,4,284,"10",284
319,4,284,"12",284
319,4,284,"2",284
319,4,284,"3",284
319,4,284,"6",284
319,4,284,"7",284
319,4,284,"8",284
319,4,55,"10",55
319,4,55,"12",55
319,4,55,"13",55
319,4,55,"14",55
319,4,55,"3",55
319,4,55,"5",55
319,4,55,"6",55
319,4,55,"7",55
319,4,55,"8",55
319,4,55,"9",55
319,4,89,"3",89
319,4,99,"1",99
319,4,77,"3",77
319,4,91,"3",91
319,4,131,"3",131
319,4,274,"10",274
319,4,274,"11",274
319,4,274,"12",274
319,4,274,"13",274
319,4,274,"14",274
319,4,274,"3",274
319,4,274,"5",274
319,4,274,"6",274
319,4,274,"7",274
319,4,274,"8",274
319,4,274,"9",274
319,4,81,"3",81
319,4,81,"9",81
319,4,101,"10",101
319,4,101,"12",101
319,4,101,"2",101
319,4,101,"3",101
319,4,101,"8",101
319,4,210,"14",210
319,4,216,"1",216
319,4,216,"11",216
319,4,216,"12",216
319,4,216,"2",216
319,4,216,"3",216
319,4,216,"8",216
319,4,264,"3",264
319,4,50,"10",50
319,4,50,"3",50
319,4,50,"5",50
319,4,50,"6",50
319,4,50,"7",50
319,4,50,"8",50
319,4,50,"9",50
319,4,59,"3",59
319,5,111,"11",111
319,5,111,"14",111
319,5,111,"4",111
319,5,111,"6",111
319,5,111,"7",111
319,5,111,"8",111
319,5,115,"13",115
319,5,115,"14",115
319,5,136,"13",136
319,5,136,"7",136
319,5,136,"8",136
319,5,139,"10",139
319,5,139,"13",139
319,5,159,"6",159
319,5,165,"10",165
319,5,165,"11",165
319,5,165,"12",165
319,5,165,"13",165
319,5,165,"14",165
319,5,165,"6",165
319,5,165,"7",165
319,5,165,"8",165
319,5,165,"9",165
319,5,170,"1",170
319,5,170,"12",170
319,5,170,"13",170
319,5,170,"14",170
319,5,170,"2",170
319,5,170,"3",170
319,5,170,"4",170
319,5,170,"6",170
319,5,170,"7",170
319,5,170,"8",170
319,5,187,"1",187
319,5,187,"10",187
319,5,187,"11",187
319,5,187,"12",187
319,5,187,"2",187
319,5,187,"6",187
319,5,187,"7",187
319,5,187,"8",187
319,5,187,"9",187
319,5,199,"6",199
319,5,199,"7",199
319,5,199,"8",199
319,5,239,"12",239
319,5,239,"13",239
319,5,239,"6",239
319,5,50,"10",50
319,5,50,"3",50
319,5,50,"4",50
319,5,50,"6",50
319,5,50,"7",50
319,5,50,"8",50
319,5,50,"9",50
319,5,52,"6",52
319,5,55,"10",55
319,5,55,"12",55
319,5,55,"13",55
319,5,55,"14",55
319,5,55,"3",55
319,5,55,"4",55
319,5,55,"6",55
319,5,55,"7",55
319,5,55,"8",55
319,5,55,"9",55
319,5,76,"6",76
319,5,92,"10",92
319,5,92,"11",92
319,5,92,"12",92
319,5,92,"13",92
319,5,92,"14",92
319,5,92,"3",92
319,5,92,"6",92
319,5,92,"7",92
319,5,92,"8",92
319,5,92,"9",92
319,5,163,"10",163
319,5,163,"11",163
319,5,163,"12",163
319,5,163,"13",163
319,5,163,"14",163
319,5,163,"3",163
319,5,163,"6",163
319,5,163,"8",163
319,5,163,"9",163
319,5,275,"10",275
319,5,275,"11",275
319,5,275,"12",275
319,5,275,"13",275
319,5,275,"14",275
319,5,275,"3",275
319,5,275,"4",275
319,5,275,"6",275
319,5,275,"7",275
319,5,275,"8",275
319,5,275,"9",275
319,5,217,"6",217
319,5,217,"7",217
319,5,217,"8",217
319,5,217,"9",217
319,5,73,"7",73
319,5,73,"8",73
319,5,44,"10",44
319,5,44,"12",44
319,5,44,"6",44
319,5,44,"7",44
319,5,56,"10",56
319,5,56,"12",56
319,5,56,"7",56
319,5,60,"10",60
319,5,60,"11",60
319,5,60,"12",60
319,5,60,"6",60
319,5,60,"7",60
319,5,60,"8",60
319,5,60,"9",60
319,5,274,"10",274
319,5,274,"11",274
319,5,274,"12",274
319,5,274,"13",274
319,5,274,"14",274
319,5,274,"3",274
319,5,274,"4",274
319,5,274,"6",274
319,5,274,"7",274
319,5,274,"8",274
319,5,274,"9",274
319,5,276,"10",276
319,5,276,"6",276
319,5,276,"8",276
319,5,95,"3",95
319,5,235,"3",235
319,5,235,"6",235
319,5,235,"7",235
319,5,235,"8",235
319,6,159,"5",159
319,6,165,"10",165
319,6,165,"11",165
319,6,165,"12",165
319,6,165,"13",165
319,6,165,"14",165
319,6,165,"5",165
319,6,165,"7",165
319,6,165,"8",165
319,6,165,"9",165
319,6,235,"3",235
319,6,235,"5",235
319,6,235,"7",235
319,6,235,"8",235
319,6,239,"12",239
319,6,239,"13",239
319,6,239,"5",239
319,6,40,"8",40
319,6,50,"10",50
319,6,50,"3",50
319,6,50,"4",50
319,6,50,"5",50
319,6,50,"7",50
319,6,50,"8",50
319,6,50,"9",50
319,6,92,"10",92
319,6,92,"11",92
319,6,92,"12",92
319,6,92,"13",92
319,6,92,"14",92
319,6,92,"3",92
319,6,92,"5",92
319,6,92,"7",92
319,6,92,"8",92
319,6,92,"9",92
319,6,163,"10",163
319,6,163,"11",163
319,6,163,"12",163
319,6,163,"13",163
319,6,163,"14",163
319,6,163,"3",163
319,6,163,"5",163
319,6,163,"8",163
319,6,163,"9",163
319,6,275,"10",275
319,6,275,"11",275
319,6,275,"12",275
319,6,275,"13",275
319,6,275,"14",275
319,6,275,"3",275
319,6,275,"4",275
319,6,275,"5",275
319,6,275,"7",275
319,6,275,"8",275
319,6,275,"9",275
319,6,52,"5",52
319,6,76,"5",76
319,6,130,"7",130
319,6,130,"8",130
319,6,203,"12",203
319,6,215,"11",215
319,6,215,"12",215
319,6,284,"1",284
319,6,284,"10",284
319,6,284,"12",284
319,6,284,"2",284
319,6,284,"3",284
319,6,284,"4",284
319,6,284,"7",284
319,6,284,"8",284
319,6,60,"10",60
319,6,60,"11",60
319,6,60,"12",60
319,6,60,"5",60
319,6,60,"7",60
319,6,60,"8",60
319,6,60,"9",60
319,6,55,"10",55
319,6,55,"12",55
319,6,55,"13",55
319,6,55,"14",55
319,6,55,"3",55
319,6,55,"4",55
319,6,55,"5",55
319,6,55,"7",55
319,6,55,"8",55
319,6,55,"9",55
319,6,202,"13",202
319,6,217,"5",217
319,6,217,"7",217
319,6,217,"8",217
319,6,217,"9",217
319,6,44,"10",44
319,6,44,"12",44
319,6,44,"5",44
319,6,44,"7",44
319,6,211,"10",211
319,6,211,"14",211
319,6,211,"9",211
319,6,270,"11",270
319,6,270,"13",270
319,6,270,"9",270
319,6,112,"10",112
319,6,170,"1",170
319,6,170,"12",170
319,6,170,"13",170
319,6,170,"14",170
319,6,170,"2",170
319,6,170,"3",170
319,6,170,"4",170
319,6,170,"5",170
319,6,170,"7",170
319,6,170,"8",170
319,6,187,"1",187
319,6,187,"10",187
319,6,187,"11",187
319,6,187,"12",187
319,6,187,"2",187
319,6,187,"5",187
319,6,187,"7",187
319,6,187,"8",187
319,6,187,"9",187
319,6,106,"3",106
319,6,111,"11",111
319,6,111,"14",111
319,6,111,"4",111
319,6,111,"5",111
319,6,111,"7",111
319,6,111,"8",111
319,6,199,"5",199
319,6,199,"7",199
319,6,199,"8",199
319,6,274,"10",274
319,6,274,"11",274
319,6,274,"12",274
319,6,274,"13",274
319,6,274,"14",274
319,6,274,"3",274
319,6,274,"4",274
319,6,274,"5",274
319,6,274,"7",274
319,6,274,"8",274
319,6,274,"9",274
319,6,276,"10",276
319,6,276,"5",276
319,6,276,"8",276
319,7,199,"5",199
319,7,199,"6",199
319,7,199,"8",199
319,7,226,"14",226
319,7,241,"10",241
319,7,241,"8",241
319,7,274,"10",274
319,7,274,"11",274
319,7,274,"12",274
319,7,274,"13",274
319,7,274,"14",274
319,7,274,"3",274
319,7,274,"4",274
319,7,274,"5",274
319,7,274,"6",274
319,7,274,"8",274
319,7,274,"9",274
319,7,136,"13",136
319,7,136,"5",136
319,7,136,"8",136
319,7,176,"13",176
319,7,213,"8",213
319,7,253,"8",253
319,7,50,"10",50
319,7,50,"3",50
319,7,50,"4",50
319,7,50,"5",50
319,7,50,"6",50
319,7,50,"8",50
319,7,50,"9",50
319,7,60,"10",60
319,7,60,"11",60
319,7,60,"12",60
319,7,60,"5",60
319,7,60,"6",60
319,7,60,"8",60
319,7,60,"9",60
319,7,92,"10",92
319,7,92,"11",92
319,7,92,"12",92
319,7,92,"13",92
319,7,92,"14",92
319,7,92,"3",92
319,7,92,"5",92
319,7,92,"6",92
319,7,92,"8",92
319,7,92,"9",92
319,7,217,"5",217
319,7,217,"6",217
319,7,217,"8",217
319,7,217,"9",217
319,7,266,"10",266
319,7,266,"8",266
319,7,275,"10",275
319,7,275,"11",275
319,7,275,"12",275
319,7,275,"13",275
319,7,275,"14",275
319,7,275,"3",275
319,7,275,"4",275
319,7,275,"5",275
319,7,275,"6",275
319,7,275,"8",275
319,7,275,"9",275
319,7,143,"12",143
319,7,145,"4",145
319,7,165,"10",165
319,7,165,"11",165
319,7,165,"12",165
319,7,165,"13",165
319,7,165,"14",165
319,7,165,"5",165
319,7,165,"6",165
319,7,165,"8",165
319,7,165,"9",165
319,7,284,"1",284
319,7,284,"10",284
319,7,284,"12",284
319,7,284,"2",284
319,7,284,"3",284
319,7,284,"4",284
319,7,284,"6",284
319,7,284,"8",284
319,7,73,"5",73
319,7,73,"8",73
319,7,98,"12",98
319,7,98,"13",98
319,7,44,"10",44
319,7,44,"12",44
319,7,44,"5",44
319,7,44,"6",44
319,7,56,"10",56
319,7,56,"12",56
319,7,56,"5",56
319,7,55,"10",55
319,7,55,"12",55
319,7,55,"13",55
319,7,55,"14",55
319,7,55,"3",55
319,7,55,"4",55
319,7,55,"5",55
319,7,55,"6",55
319,7,55,"8",55
319,7,55,"9",55
319,7,111,"11",111
319,7,111,"14",111
319,7,111,"4",111
319,7,111,"5",111
319,7,111,"6",111
319,7,111,"8",111
319,7,170,"1",170
319,7,170,"12",170
319,7,170,"13",170
319,7,170,"14",170
319,7,170,"2",170
319,7,170,"3",170
319,7,170,"4",170
319,7,170,"5",170
319,7,170,"6",170
319,7,170,"8",170
319,7,187,"1",187
319,7,187,"10",187
319,7,187,"11",187
319,7,187,"12",187
319,7,187,"2",187
319,7,187,"5",187
319,7,187,"6",187
319,7,187,"8",187
319,7,187,"9",187
319,7,212,"2",212
319,7,235,"3",235
319,7,235,"5",235
319,7,235,"6",235
319,7,235,"8",235
319,7,238,"11",238
319,7,238,"12",238
319,7,238,"8",238
319,7,62,"11",62
319,7,62,"12",62
319,7,192,"11",192
319,7,192,"12",192
319,7,192,"14",192
319,7,192,"8",192
319,7,130,"6",130
319,7,130,"8",130
319,7,87,"9",87
319,8,135,"9",135
319,8,163,"10",163
319,8,163,"11",163
319,8,163,"12",163
319,8,163,"13",163
319,8,163,"14",163
319,8,163,"3",163
319,8,163,"5",163
319,8,163,"6",163
319,8,163,"9",163
319,8,192,"11",192
319,8,192,"12",192
319,8,192,"14",192
319,8,192,"7",192
319,8,199,"5",199
319,8,199,"6",199
319,8,199,"7",199
319,8,217,"5",217
319,8,217,"6",217
319,8,217,"7",217
319,8,217,"9",217
319,8,227,"9",227
319,8,254,"10",254
319,8,254,"14",254
319,8,254,"9",254
319,8,266,"10",266
319,8,266,"7",266
319,8,274,"10",274
319,8,274,"11",274
319,8,274,"12",274
319,8,274,"13",274
319,8,274,"14",274
319,8,274,"3",274
319,8,274,"4",274
319,8,274,"5",274
319,8,274,"6",274
319,8,274,"7",274
319,8,274,"9",274
319,8,275,"10",275
319,8,275,"11",275
319,8,275,"12",275
319,8,275,"13",275
319,8,275,"14",275
319,8,275,"3",275
319,8,275,"4",275
319,8,275,"5",275
319,8,275,"6",275
319,8,275,"7",275
319,8,275,"9",275
319,8,276,"10",276
319,8,276,"5",276
319,8,276,"6",276
319,8,50,"10",50
319,8,50,"3",50
319,8,50,"4",50
319,8,50,"5",50
319,8,50,"6",50
319,8,50,"7",50
319,8,50,"9",50
319,8,73,"5",73
319,8,73,"7",73
319,8,101,"10",101
319,8,101,"12",101
319,8,101,"2",101
319,8,101,"3",101
319,8,101,"4",101
319,8,136,"13",136
319,8,136,"5",136
319,8,136,"7",136
319,8,137,"10",137
319,8,170,"1",170
319,8,170,"12",170
319,8,170,"13",170
319,8,170,"14",170
319,8,170,"2",170
319,8,170,"3",170
319,8,170,"4",170
319,8,170,"5",170
319,8,170,"6",170
319,8,170,"7",170
319,8,187,"1",187
319,8,187,"10",187
319,8,187,"11",187
319,8,187,"12",187
319,8,187,"2",187
319,8,187,"5",187
319,8,187,"6",187
319,8,187,"7",187
319,8,187,"9",187
319,8,213,"7",213
319,8,243,"11",243
319,8,243,"12",243
319,8,243,"13",243
319,8,253,"7",253
319,8,60,"10",60
319,8,60,"11",60
319,8,60,"12",60
319,8,60,"5",60
319,8,60,"6",60
319,8,60,"7",60
319,8,60,"9",60
319,8,84,"12",84
319,8,92,"10",92
319,8,92,"11",92
319,8,92,"12",92
319,8,92,"13",92
319,8,92,"14",92
319,8,92,"3",92
319,8,92,"5",92
319,8,92,"6",92
319,8,92,"7",92
319,8,92,"9",92
319,8,130,"6",130
319,8,130,"7",130
319,8,140,"10",140
319,8,140,"14",140
319,8,165,"10",165
319,8,165,"11",165
319,8,165,"12",165
319,8,165,"13",165
319,8,165,"14",165
319,8,165,"5",165
319,8,165,"6",165
319,8,165,"7",165
319,8,165,"9",165
319,8,284,"1",284
319,8,284,"10",284
319,8,284,"12",284
319,8,284,"2",284
319,8,284,"3",284
319,8,284,"4",284
319,8,284,"6",284
319,8,284,"7",284
319,8,55,"10",55
319,8,55,"12",55
319,8,55,"13",55
319,8,55,"14",55
319,8,55,"3",55
319,8,55,"4",55
319,8,55,"5",55
319,8,55,"6",55
319,8,55,"7",55
319,8,55,"9",55
319,8,109,"10",109
319,8,111,"11",111
319,8,111,"14",111
319,8,111,"4",111
319,8,111,"5",111
319,8,111,"6",111
319,8,111,"7",111
319,8,235,"3",235
319,8,235,"5",235
319,8,235,"6",235
319,8,235,"7",235
319,8,238,"11",238
319,8,238,"12",238
319,8,238,"7",238
319,8,241,"10",241
319,8,241,"7",241
319,8,216,"1",216
319,8,216,"11",216
319,8,216,"12",216
319,8,216,"2",216
319,8,216,"3",216
319,8,216,"4",216
319,8,167,"9",167
319,8,40,"6",40
319,9,126,"10",126
319,9,126,"11",126
319,9,126,"13",126
319,9,126,"14",126
319,9,135,"8",135
319,9,165,"10",165
319,9,165,"11",165
319,9,165,"12",165
319,9,165,"13",165
319,9,165,"14",165
319,9,165,"5",165
319,9,165,"6",165
319,9,165,"7",165
319,9,165,"8",165
319,9,166,"10",166
319,9,181,"10",181
319,9,227,"8",227
319,9,254,"10",254
319,9,254,"14",254
319,9,254,"8",254
319,9,274,"10",274
319,9,274,"11",274
319,9,274,"12",274
319,9,274,"13",274
319,9,274,"14",274
319,9,274,"3",274
319,9,274,"4",274
319,9,274,"5",274
319,9,274,"6",274
319,9,274,"7",274
319,9,274,"8",274
319,9,275,"10",275
319,9,275,"11",275
319,9,275,"12",275
319,9,275,"13",275
319,9,275,"14",275
319,9,275,"3",275
319,9,275,"4",275
319,9,275,"5",275
319,9,275,"6",275
319,9,275,"7",275
319,9,275,"8",275
319,9,278,"10",278
319,9,81,"3",81
319,9,81,"4",81
319,9,92,"10",92
319,9,92,"11",92
319,9,92,"12",92
319,9,92,"13",92
319,9,92,"14",92
319,9,92,"3",92
319,9,92,"5",92
319,9,92,"6",92
319,9,92,"7",92
319,9,92,"8",92
319,9,163,"10",163
319,9,163,"11",163
319,9,163,"12",163
319,9,163,"13",163
319,9,163,"14",163
319,9,163,"3",163
319,9,163,"5",163
319,9,163,"6",163
319,9,163,"8",163
319,9,50,"10",50
319,9,50,"3",50
319,9,50,"4",50
319,9,50,"5",50
319,9,50,"6",50
319,9,50,"7",50
319,9,50,"8",50
319,9,55,"10",55
319,9,55,"12",55
319,9,55,"13",55
319,9,55,"14",55
319,9,55,"3",55
319,9,55,"4",55
319,9,55,"5",55
319,9,55,"6",55
319,9,55,"7",55
319,9,55,"8",55
319,9,138,"10",138
319,9,138,"11",138
319,9,138,"12",138
319,9,138,"13",138
319,9,138,"14",138
319,9,187,"1",187
319,9,187,"10",187
319,9,187,"11",187
319,9,187,"12",187
319,9,187,"2",187
319,9,187,"5",187
319,9,187,"6",187
319,9,187,"7",187
319,9,187,"8",187
319,9,242,"1",242
319,9,242,"10",242
319,9,242,"14",242
319,9,242,"2",242
319,9,242,"3",242
319,9,242,"4",242
319,9,60,"10",60
319,9,60,"11",60
319,9,60,"12",60
319,9,60,"5",60
319,9,60,"6",60
319,9,60,"7",60
319,9,60,"8",60
319,9,175,"10",175
319,9,167,"8",167
319,9,211,"10",211
319,9,211,"14",211
319,9,211,"6",211
319,9,217,"5",217
319,9,217,"6",217
319,9,217,"7",217
319,9,217,"8",217
319,9,104,"1",104
319,9,141,"10",141
319,9,141,"11",141
319,9,141,"12",141
319,9,141,"13",141
319,9,141,"14",141
319,9,270,"11",270
319,9,270,"13",270
319,9,270,"6",270
319,9,87,"7",87
319,1,20,"4",20
319,1,38,"10",38
319,1,38,"11",38
319,1,38,"12",38
319,1,38,"2",38
319,1,38,"7",38
319,1,26,"11",26
319,1,26,"12",26
319,1,26,"13",26
319,1,26,"14",26
319,1,26,"2",26
319,1,26,"3",26
319,1,26,"4",26
319,1,26,"5",26
319,1,26,"7",26
319,1,26,"9",26
319,1,17,"10",17
319,1,17,"12",17
319,1,17,"13",17
319,1,17,"14",17
319,1,17,"3",17
319,1,17,"4",17
319,1,17,"5",17
319,1,17,"6",17
319,1,17,"7",17
319,1,17,"8",17
319,1,17,"9",17
319,1,37,"2",37
319,1,37,"5",37
319,1,31,"10",31
319,1,31,"12",31
319,1,31,"2",31
319,1,31,"6",31
319,1,31,"7",31
319,1,31,"8",31
319,1,31,"9",31
319,1,12,"10",12
319,1,12,"11",12
319,1,12,"13",12
319,1,12,"14",12
319,1,12,"7",12
319,1,12,"9",12
319,1,35,"10",35
319,1,35,"11",35
319,1,35,"2",35
319,1,35,"3",35
319,1,35,"5",35
319,1,35,"6",35
319,1,35,"7",35
319,1,9,"10",9
319,1,9,"11",9
319,1,9,"12",9
319,1,9,"13",9
319,1,9,"14",9
319,1,9,"2",9
319,1,9,"3",9
319,1,9,"4",9
319,1,9,"5",9
319,1,9,"6",9
319,1,9,"7",9
319,1,9,"8",9
319,1,9,"9",9
319,10,38,"1",38
319,10,38,"11",38
319,10,38,"12",38
319,10,38,"2",38
319,10,38,"7",38
319,10,35,"1",35
319,10,35,"11",35
319,10,35,"2",35
319,10,35,"3",35
319,10,35,"5",35
319,10,35,"6",35
319,10,35,"7",35
319,10,31,"1",31
319,10,31,"12",31
319,10,31,"2",31
319,10,31,"6",31
319,10,31,"7",31
319,10,31,"8",31
319,10,31,"9",31
319,10,12,"1",12
319,10,12,"11",12
319,10,12,"13",12
319,10,12,"14",12
319,10,12,"7",12
319,10,12,"9",12
319,10,33,"11",33
319,10,33,"6",33
319,10,36,"3",36
319,10,17,"1",17
319,10,17,"12",17
319,10,17,"13",17
319,10,17,"14",17
319,10,17,"3",17
319,10,17,"4",17
319,10,17,"5",17
319,10,17,"6",17
319,10,17,"7",17
319,10,17,"8",17
319,10,17,"9",17
319,10,3,"7",3
319,10,1,"12",1
319,10,1,"14",1
319,10,1,"2",1
319,10,1,"6",1
319,10,1,"7",1
319,10,14,"11",14
319,10,14,"12",14
319,10,14,"5",14
319,10,14,"8",14
319,10,15,"14",15
319,10,15,"2",15
319,10,10,"11",10
319,10,10,"13",10
319,10,10,"5",10
319,10,10,"6",10
319,10,10,"7",10
319,10,10,"8",10
319,10,10,"9",10
319,10,5,"12",5
319,10,5,"14",5
319,10,5,"8",5
319,10,13,"12",13
319,10,13,"2",13
319,10,4,"12",4
319,10,4,"14",4
319,10,4,"9",4
319,10,9,"1",9
319,10,9,"11",9
319,10,9,"12",9
319,10,9,"13",9
319,10,9,"14",9
319,10,9,"2",9
319,10,9,"3",9
319,10,9,"4",9
319,10,9,"5",9
319,10,9,"6",9
319,10,9,"7",9
319,10,9,"8",9
319,10,9,"9",9
319,11,26,"1",26
319,11,26,"12",26
319,11,26,"13",26
319,11,26,"14",26
319,11,26,"2",26
319,11,26,"3",26
319,11,26,"4",26
319,11,26,"5",26
319,11,26,"7",26
319,11,26,"9",26
319,11,16,"13",16
319,11,16,"7",16
319,11,16,"9",16
319,11,10,"10",10
319,11,10,"13",10
319,11,10,"5",10
319,11,10,"6",10
319,11,10,"7",10
319,11,10,"8",10
319,11,10,"9",10
319,11,33,"10",33
319,11,33,"6",33
319,11,35,"1",35
319,11,35,"10",35
319,11,35,"2",35
319,11,35,"3",35
319,11,35,"5",35
319,11,35,"6",35
319,11,35,"7",35
319,11,14,"10",14
319,11,14,"12",14
319,11,14,"5",14
319,11,14,"8",14
319,11,12,"1",12
319,11,12,"10",12
319,11,12,"13",12
319,11,12,"14",12
319,11,12,"7",12
319,11,12,"9",12
319,11,28,"7",28
319,11,38,"1",38
319,11,38,"10",38
319,11,38,"12",38
319,11,38,"2",38
319,11,38,"7",38
319,11,9,"1",9
319,11,9,"10",9
319,11,9,"12",9
319,11,9,"13",9
319,11,9,"14",9
319,11,9,"2",9
319,11,9,"3",9
319,11,9,"4",9
319,11,9,"5",9
319,11,9,"6",9
319,11,9,"7",9
319,11,9,"8",9
319,11,9,"9",9
319,12,17,"1",17
319,12,17,"10",17
319,12,17,"13",17
319,12,17,"14",17
319,12,17,"3",17
319,12,17,"4",17
319,12,17,"5",17
319,12,17,"6",17
319,12,17,"7",17
319,12,17,"8",17
319,12,17,"9",17
319,12,31,"1",31
319,12,31,"10",31
319,12,31,"2",31
319,12,31,"6",31
319,12,31,"7",31
319,12,31,"8",31
319,12,31,"9",31
319,12,34,"13",34
319,12,34,"3",34
319,12,34,"8",34
319,12,4,"10",4
319,12,4,"14",4
319,12,4,"9",4
319,12,5,"10",5
319,12,5,"14",5
319,12,5,"8",5
319,12,26,"1",26
319,12,26,"11",26
319,12,26,"13",26
319,12,26,"14",26
319,12,26,"2",26
319,12,26,"3",26
319,12,26,"4",26
319,12,26,"5",26
319,12,26,"7",26
319,12,26,"9",26
319,12,38,"1",38
319,12,38,"10",38
319,12,38,"11",38
319,12,38,"2",38
319,12,38,"7",38
319,12,13,"10",13
319,12,13,"2",13
319,12,32,"4",32
319,12,14,"10",14
319,12,14,"11",14
319,12,14,"5",14
319,12,14,"8",14
319,12,1,"10",1
319,12,1,"14",1
319,12,1,"2",1
319,12,1,"6",1
319,12,1,"7",1
319,12,9,"1",9
319,12,9,"10",9
319,12,9,"11",9
319,12,9,"13",9
319,12,9,"14",9
319,12,9,"2",9
319,12,9,"3",9
319,12,9,"4",9
319,12,9,"5",9
319,12,9,"6",9
319,12,9,"7",9
319,12,9,"8",9
319,12,9,"9",9
319,13,10,"10",10
319,13,10,"11",10
319,13,10,"5",10
319,13,10,"6",10
319,13,10,"7",10
319,13,10,"8",10
319,13,10,"9",10
319,13,26,"1",26
319,13,26,"11",26
319,13,26,"12",26
319,13,26,"14",26
319,13,26,"2",26
319,13,26,"3",26
319,13,26,"4",26
319,13,26,"5",26
319,13,26,"7",26
319,13,26,"9",26
319,13,34,"12",34
319,13,34,"3",34
319,13,34,"8",34
319,13,16,"11",16
319,13,16,"7",16
319,13,16,"9",16
319,13,17,"1",17
319,13,17,"10",17
319,13,17,"12",17
319,13,17,"14",17
319,13,17,"3",17
319,13,17,"4",17
319,13,17,"5",17
319,13,17,"6",17
319,13,17,"7",17
319,13,17,"8",17
319,13,17,"9",17
319,13,12,"1",12
319,13,12,"10",12
319,13,12,"11",12
319,13,12,"14",12
319,13,12,"7",12
319,13,12,"9",12
319,13,9,"1",9
319,13,9,"10",9
319,13,9,"11",9
319,13,9,"12",9
319,13,9,"14",9
319,13,9,"2",9
319,13,9,"3",9
319,13,9,"4",9
319,13,9,"5",9
319,13,9,"6",9
319,13,9,"7",9
319,13,9,"8",9
319,13,9,"9",9
319,14,1,"10",1
319,14,1,"12",1
319,14,1,"2",1
319,14,1,"6",1
319,14,1,"7",1
319,14,11,"6",11
319,14,15,"10",15
319,14,15,"2",15
319,14,5,"10",5
319,14,5,"12",5
319,14,5,"8",5
319,14,17,"1",17
319,14,17,"10",17
319,14,17,"12",17
319,14,17,"13",17
319,14,17,"3",17
319,14,17,"4",17
319,14,17,"5",17
319,14,17,"6",17
319,14,17,"7",17
319,14,17,"8",17
319,14,17,"9",17
319,14,4,"10",4
319,14,4,"12",4
319,14,4,"9",4
319,14,26,"1",26
319,14,26,"11",26
319,14,26,"12",26
319,14,26,"13",26
319,14,26,"2",26
319,14,26,"3",26
319,14,26,"4",26
319,14,26,"5",26
319,14,26,"7",26
319,14,26,"9",26
319,14,12,"1",12
319,14,12,"10",12
319,14,12,"11",12
319,14,12,"13",12
319,14,12,"7",12
319,14,12,"9",12
319,14,9,"1",9
319,14,9,"10",9
319,14,9,"11",9
319,14,9,"12",9
319,14,9,"13",9
319,14,9,"2",9
319,14,9,"3",9
319,14,9,"4",9
319,14,9,"5",9
319,14,9,"6",9
319,14,9,"7",9
319,14,9,"8",9
319,14,9,"9",9
319,2,31,"1",31
319,2,31,"10",31
319,2,31,"12",31
319,2,31,"6",31
319,2,31,"7",31
319,2,31,"8",31
319,2,31,"9",31
319,2,1,"10",1
319,2,1,"12",1
319,2,1,"14",1
319,2,1,"6",1
319,2,1,"7",1
319,2,37,"1",37
319,2,37,"5",37
319,2,13,"10",13
319,2,13,"12",13
319,2,26,"1",26
319,2,26,"11",26
319,2,26,"12",26
319,2,26,"13",26
319,2,26,"14",26
319,2,26,"3",26
319,2,26,"4",26
319,2,26,"5",26
319,2,26,"7",26
319,2,26,"9",26
319,2,35,"1",35
319,2,35,"10",35
319,2,35,"11",35
319,2,35,"3",35
319,2,35,"5",35
319,2,35,"6",35
319,2,35,"7",35
319,2,15,"10",15
319,2,15,"14",15
319,2,38,"1",38
319,2,38,"10",38
319,2,38,"11",38
319,2,38,"12",38
319,2,38,"7",38
319,2,9,"1",9
319,2,9,"10",9
319,2,9,"11",9
319,2,9,"12",9
319,2,9,"13",9
319,2,9,"14",9
319,2,9,"3",9
319,2,9,"4",9
319,2,9,"5",9
319,2,9,"6",9
319,2,9,"7",9
319,2,9,"8",9
319,2,9,"9",9
319,3,26,"1",26
319,3,26,"11",26
319,3,26,"12",26
319,3,26,"13",26
319,3,26,"14",26
319,3,26,"2",26
319,3,26,"4",26
319,3,26,"5",26
319,3,26,"7",26
319,3,26,"9",26
319,3,17,"1",17
319,3,17,"10",17
319,3,17,"12",17
319,3,17,"13",17
319,3,17,"14",17
319,3,17,"4",17
319,3,17,"5",17
319,3,17,"6",17
319,3,17,"7",17
319,3,17,"8",17
319,3,17,"9",17
319,3,34,"12",34
319,3,34,"13",34
319,3,34,"8",34
319,3,35,"1",35
319,3,35,"10",35
319,3,35,"11",35
319,3,35,"2",35
319,3,35,"5",35
319,3,35,"6",35
319,3,35,"7",35
319,3,36,"10",36
319,3,9,"1",9
319,3,9,"10",9
319,3,9,"11",9
319,3,9,"12",9
319,3,9,"13",9
319,3,9,"14",9
319,3,9,"2",9
319,3,9,"4",9
319,3,9,"5",9
319,3,9,"6",9
319,3,9,"7",9
319,3,9,"8",9
319,3,9,"9",9
319,4,32,"12",32
319,4,17,"1",17
319,4,17,"10",17
319,4,17,"12",17
319,4,17,"13",17
319,4,17,"14",17
319,4,17,"3",17
319,4,17,"5",17
319,4,17,"6",17
319,4,17,"7",17
319,4,17,"8",17
319,4,17,"9",17
319,4,26,"1",26
319,4,26,"11",26
319,4,26,"12",26
319,4,26,"13",26
319,4,26,"14",26
319,4,26,"2",26
319,4,26,"3",26
319,4,26,"5",26
319,4,26,"7",26
319,4,26,"9",26
319,4,20,"1",20
319,4,9,"1",9
319,4,9,"10",9
319,4,9,"11",9
319,4,9,"12",9
319,4,9,"13",9
319,4,9,"14",9
319,4,9,"2",9
319,4,9,"3",9
319,4,9,"5",9
319,4,9,"6",9
319,4,9,"7",9
319,4,9,"8",9
319,4,9,"9",9
319,5,14,"10",14
319,5,14,"11",14
319,5,14,"12",14
319,5,14,"8",14
319,5,26,"1",26
319,5,26,"11",26
319,5,26,"12",26
319,5,26,"13",26
319,5,26,"14",26
319,5,26,"2",26
319,5,26,"3",26
319,5,26,"4",26
319,5,26,"7",26
319,5,26,"9",26
319,5,27,"8",27
319,5,10,"10",10
319,5,10,"11",10
319,5,10,"13",10
319,5,10,"6",10
319,5,10,"7",10
319,5,10,"8",10
319,5,10,"9",10
319,5,39,"8",39
319,5,17,"1",17
319,5,17,"10",17
319,5,17,"12",17
319,5,17,"13",17
319,5,17,"14",17
319,5,17,"3",17
319,5,17,"4",17
319,5,17,"6",17
319,5,17,"7",17
319,5,17,"8",17
319,5,17,"9",17
319,5,37,"1",37
319,5,37,"2",37
319,5,35,"1",35
319,5,35,"10",35
319,5,35,"11",35
319,5,35,"2",35
319,5,35,"3",35
319,5,35,"6",35
319,5,35,"7",35
319,5,9,"1",9
319,5,9,"10",9
319,5,9,"11",9
319,5,9,"12",9
319,5,9,"13",9
319,5,9,"14",9
319,5,9,"2",9
319,5,9,"3",9
319,5,9,"4",9
319,5,9,"6",9
319,5,9,"7",9
319,5,9,"8",9
319,5,9,"9",9
319,6,35,"1",35
319,6,35,"10",35
319,6,35,"11",35
319,6,35,"2",35
319,6,35,"3",35
319,6,35,"5",35
319,6,35,"7",35
319,6,1,"10",1
319,6,1,"12",1
319,6,1,"14",1
319,6,1,"2",1
319,6,1,"7",1
319,6,11,"14",11
319,6,17,"1",17
319,6,17,"10",17
319,6,17,"12",17
319,6,17,"13",17
319,6,17,"14",17
319,6,17,"3",17
319,6,17,"4",17
319,6,17,"5",17
319,6,17,"7",17
319,6,17,"8",17
319,6,17,"9",17
319,6,31,"1",31
319,6,31,"10",31
319,6,31,"12",31
319,6,31,"2",31
319,6,31,"7",31
319,6,31,"8",31
319,6,31,"9",31
319,6,33,"10",33
319,6,33,"11",33
319,6,10,"10",10
319,6,10,"11",10
319,6,10,"13",10
319,6,10,"5",10
319,6,10,"7",10
319,6,10,"8",10
319,6,10,"9",10
319,6,9,"1",9
319,6,9,"10",9
319,6,9,"11",9
319,6,9,"12",9
319,6,9,"13",9
319,6,9,"14",9
319,6,9,"2",9
319,6,9,"3",9
319,6,9,"4",9
319,6,9,"5",9
319,6,9,"7",9
319,6,9,"8",9
319,6,9,"9",9
319,7,12,"1",12
319,7,12,"10",12
319,7,12,"11",12
319,7,12,"13",12
319,7,12,"14",12
319,7,12,"9",12
319,7,17,"1",17
319,7,17,"10",17
319,7,17,"12",17
319,7,17,"13",17
319,7,17,"14",17
319,7,17,"3",17
319,7,17,"4",17
319,7,17,"5",17
319,7,17,"6",17
319,7,17,"8",17
319,7,17,"9",17
319,7,38,"1",38
319,7,38,"10",38
319,7,38,"11",38
319,7,38,"12",38
319,7,38,"2",38
319,7,28,"11",28
319,7,3,"10",3
319,7,35,"1",35
319,7,35,"10",35
319,7,35,"11",35
319,7,35,"2",35
319,7,35,"3",35
319,7,35,"5",35
319,7,35,"6",35
319,7,31,"1",31
319,7,31,"10",31
319,7,31,"12",31
319,7,31,"2",31
319,7,31,"6",31
319,7,31,"8",31
319,7,31,"9",31
319,7,26,"1",26
319,7,26,"11",26
319,7,26,"12",26
319,7,26,"13",26
319,7,26,"14",26
319,7,26,"2",26
319,7,26,"3",26
319,7,26,"4",26
319,7,26,"5",26
319,7,26,"9",26
319,7,10,"10",10
319,7,10,"11",10
319,7,10,"13",10
319,7,10,"5",10
319,7,10,"6",10
319,7,10,"8",10
319,7,10,"9",10
319,7,1,"10",1
319,7,1,"12",1
319,7,1,"14",1
319,7,1,"2",1
319,7,1,"6",1
319,7,23,"9",23
319,7,16,"11",16
319,7,16,"13",16
319,7,16,"9",16
319,7,9,"1",9
319,7,9,"10",9
319,7,9,"11",9
319,7,9,"12",9
319,7,9,"13",9
319,7,9,"14",9
319,7,9,"2",9
319,7,9,"3",9
319,7,9,"4",9
319,7,9,"5",9
319,7,9,"6",9
319,7,9,"8",9
319,7,9,"9",9
319,8,17,"1",17
319,8,17,"10",17
319,8,17,"12",17
319,8,17,"13",17
319,8,17,"14",17
319,8,17,"3",17
319,8,17,"4",17
319,8,17,"5",17
319,8,17,"6",17
319,8,17,"7",17
319,8,17,"9",17
319,8,27,"5",27
319,8,31,"1",31
319,8,31,"10",31
319,8,31,"12",31
319,8,31,"2",31
319,8,31,"6",31
319,8,31,"7",31
319,8,31,"9",31
319,8,39,"5",39
319,8,14,"10",14
319,8,14,"11",14
319,8,14,"12",14
319,8,14,"5",14
319,8,10,"10",10
319,8,10,"11",10
319,8,10,"13",10
319,8,10,"5",10
319,8,10,"6",10
319,8,10,"7",10
319,8,10,"9",10
319,8,34,"12",34
319,8,34,"13",34
319,8,34,"3",34
319,8,5,"10",5
319,8,5,"12",5
319,8,5,"14",5
319,8,9,"1",9
319,8,9,"10",9
319,8,9,"11",9
319,8,9,"12",9
319,8,9,"13",9
319,8,9,"14",9
319,8,9,"2",9
319,8,9,"3",9
319,8,9,"4",9
319,8,9,"5",9
319,8,9,"6",9
319,8,9,"7",9
319,8,9,"9",9
319,9,10,"10",10
319,9,10,"11",10
319,9,10,"13",10
319,9,10,"5",10
319,9,10,"6",10
319,9,10,"7",10
319,9,10,"8",10
319,9,4,"10",4
319,9,4,"12",4
319,9,4,"14",4
319,9,12,"1",12
319,9,12,"10",12
319,9,12,"11",12
319,9,12,"13",12
319,9,12,"14",12
319,9,12,"7",12
319,9,16,"11",16
319,9,16,"13",16
319,9,16,"7",16
319,9,31,"1",31
319,9,31,"10",31
319,9,31,"12",31
319,9,31,"2",31
319,9,31,"6",31
319,9,31,"7",31
319,9,31,"8",31
319,9,26,"1",26
319,9,26,"11",26
319,9,26,"12",26
319,9,26,"13",26
319,9,26,"14",26
319,9,26,"2",26
319,9,26,"3",26
319,9,26,"4",26
319,9,26,"5",26
319,9,26,"7",26
319,9,17,"1",17
319,9,17,"10",17
319,9,17,"12",17
319,9,17,"13",17
319,9,17,"14",17
319,9,17,"3",17
319,9,17,"4",17
319,9,17,"5",17
319,9,17,"6",17
319,9,17,"7",17
319,9,17,"8",17
319,9,23,"7",23
319,9,9,"1",9
319,9,9,"10",9
319,9,9,"11",9
319,9,9,"12",9
319,9,9,"13",9
319,9,9,"14",9
319,9,9,"2",9
319,9,9,"3",9
319,9,9,"4",9
319,9,9,"5",9
319,9,9,"6",9
319,9,9,"7",9
319,9,9,"8",9
