"trial_number","layer_from","node_from","layer_to","node_to"
585,1,258,"2",258
585,1,140,"13",140
585,1,140,"8",140
585,1,44,"13",44
585,1,44,"2",44
585,1,44,"8",44
585,1,44,"9",44
585,1,50,"10",50
585,1,50,"13",50
585,1,50,"14",50
585,1,50,"2",50
585,1,50,"5",50
585,1,50,"6",50
585,1,50,"9",50
585,1,89,"8",89
585,1,138,"11",138
585,1,138,"12",138
585,1,138,"6",138
585,1,138,"7",138
585,1,138,"8",138
585,1,159,"7",159
585,1,284,"10",284
585,1,284,"12",284
585,1,284,"13",284
585,1,284,"14",284
585,1,284,"2",284
585,1,284,"3",284
585,1,284,"4",284
585,1,284,"5",284
585,1,143,"12",143
585,1,275,"10",275
585,1,275,"11",275
585,1,275,"12",275
585,1,275,"2",275
585,1,275,"3",275
585,1,275,"4",275
585,1,275,"5",275
585,1,275,"6",275
585,1,275,"7",275
585,1,275,"8",275
585,1,275,"9",275
585,1,211,"11",211
585,1,211,"5",211
585,1,211,"8",211
585,1,276,"11",276
585,1,276,"2",276
585,1,276,"3",276
585,1,59,"2",59
585,1,141,"12",141
585,1,141,"2",141
585,1,141,"5",141
585,1,141,"7",141
585,1,141,"8",141
585,1,163,"11",163
585,1,163,"12",163
585,1,163,"14",163
585,1,163,"3",163
585,1,163,"4",163
585,1,163,"5",163
585,1,163,"6",163
585,1,163,"8",163
585,1,163,"9",163
585,1,255,"7",255
585,1,255,"8",255
585,1,202,"6",202
585,1,207,"8",207
585,1,111,"10",111
585,1,111,"14",111
585,1,111,"2",111
585,1,111,"3",111
585,1,111,"5",111
585,1,111,"7",111
585,1,242,"11",242
585,1,242,"3",242
585,1,242,"4",242
585,1,242,"6",242
585,1,242,"7",242
585,1,242,"8",242
585,1,98,"10",98
585,1,98,"3",98
585,1,45,"8",45
585,1,264,"5",264
585,1,165,"10",165
585,1,165,"11",165
585,1,165,"12",165
585,1,165,"14",165
585,1,165,"3",165
585,1,165,"4",165
585,1,165,"5",165
585,1,165,"8",165
585,1,165,"9",165
585,1,254,"12",254
585,1,254,"3",254
585,1,254,"8",254
585,10,81,"12",81
585,10,81,"6",81
585,10,98,"1",98
585,10,98,"3",98
585,10,113,"3",113
585,10,197,"7",197
585,10,197,"8",197
585,10,275,"1",275
585,10,275,"11",275
585,10,275,"12",275
585,10,275,"2",275
585,10,275,"3",275
585,10,275,"4",275
585,10,275,"5",275
585,10,275,"6",275
585,10,275,"7",275
585,10,275,"8",275
585,10,275,"9",275
585,10,187,"11",187
585,10,187,"13",187
585,10,187,"14",187
585,10,187,"3",187
585,10,187,"4",187
585,10,187,"5",187
585,10,187,"6",187
585,10,187,"7",187
585,10,187,"8",187
585,10,274,"11",274
585,10,274,"12",274
585,10,274,"13",274
585,10,274,"14",274
585,10,274,"2",274
585,10,274,"3",274
585,10,274,"4",274
585,10,274,"6",274
585,10,274,"7",274
585,10,274,"8",274
585,10,274,"9",274
585,10,126,"14",126
585,10,126,"4",126
585,10,126,"7",126
585,10,126,"9",126
585,10,131,"11",131
585,10,111,"1",111
585,10,111,"14",111
585,10,111,"2",111
585,10,111,"3",111
585,10,111,"5",111
585,10,111,"7",111
585,10,166,"8",166
585,10,232,"9",232
585,10,284,"1",284
585,10,284,"12",284
585,10,284,"13",284
585,10,284,"14",284
585,10,284,"2",284
585,10,284,"3",284
585,10,284,"4",284
585,10,284,"5",284
585,10,84,"7",84
585,10,101,"14",101
585,10,101,"3",101
585,10,101,"4",101
585,10,101,"8",101
585,10,101,"9",101
585,10,170,"11",170
585,10,170,"12",170
585,10,170,"14",170
585,10,170,"2",170
585,10,170,"3",170
585,10,170,"4",170
585,10,170,"5",170
585,10,170,"6",170
585,10,170,"8",170
585,10,170,"9",170
585,10,235,"2",235
585,10,235,"5",235
585,10,235,"7",235
585,10,235,"8",235
585,10,92,"12",92
585,10,92,"13",92
585,10,92,"14",92
585,10,92,"2",92
585,10,92,"3",92
585,10,92,"4",92
585,10,92,"5",92
585,10,92,"6",92
585,10,92,"7",92
585,10,92,"9",92
585,10,216,"11",216
585,10,216,"13",216
585,10,216,"3",216
585,10,216,"6",216
585,10,216,"7",216
585,10,216,"9",216
585,10,241,"11",241
585,10,241,"3",241
585,10,50,"1",50
585,10,50,"13",50
585,10,50,"14",50
585,10,50,"2",50
585,10,50,"5",50
585,10,50,"6",50
585,10,50,"9",50
585,10,77,"14",77
585,10,273,"9",273
585,10,55,"11",55
585,10,55,"12",55
585,10,55,"14",55
585,10,55,"2",55
585,10,55,"3",55
585,10,55,"4",55
585,10,55,"5",55
585,10,55,"7",55
585,10,55,"8",55
585,10,55,"9",55
585,10,176,"14",176
585,10,160,"7",160
585,10,212,"3",212
585,10,165,"1",165
585,10,165,"11",165
585,10,165,"12",165
585,10,165,"14",165
585,10,165,"3",165
585,10,165,"4",165
585,10,165,"5",165
585,10,165,"8",165
585,10,165,"9",165
585,10,54,"5",54
585,10,73,"11",73
585,10,73,"8",73
585,11,165,"1",165
585,11,165,"10",165
585,11,165,"12",165
585,11,165,"14",165
585,11,165,"3",165
585,11,165,"4",165
585,11,165,"5",165
585,11,165,"8",165
585,11,165,"9",165
585,11,276,"1",276
585,11,276,"2",276
585,11,276,"3",276
585,11,242,"1",242
585,11,242,"3",242
585,11,242,"4",242
585,11,242,"6",242
585,11,242,"7",242
585,11,242,"8",242
585,11,187,"10",187
585,11,187,"13",187
585,11,187,"14",187
585,11,187,"3",187
585,11,187,"4",187
585,11,187,"5",187
585,11,187,"6",187
585,11,187,"7",187
585,11,187,"8",187
585,11,95,"12",95
585,11,136,"2",136
585,11,136,"3",136
585,11,136,"4",136
585,11,241,"10",241
585,11,241,"3",241
585,11,138,"1",138
585,11,138,"12",138
585,11,138,"6",138
585,11,138,"7",138
585,11,138,"8",138
585,11,278,"9",278
585,11,163,"1",163
585,11,163,"12",163
585,11,163,"14",163
585,11,163,"3",163
585,11,163,"4",163
585,11,163,"5",163
585,11,163,"6",163
585,11,163,"8",163
585,11,163,"9",163
585,11,87,"6",87
585,11,216,"10",216
585,11,216,"13",216
585,11,216,"3",216
585,11,216,"6",216
585,11,216,"7",216
585,11,216,"9",216
585,11,56,"13",56
585,11,56,"3",56
585,11,56,"5",56
585,11,275,"1",275
585,11,275,"10",275
585,11,275,"12",275
585,11,275,"2",275
585,11,275,"3",275
585,11,275,"4",275
585,11,275,"5",275
585,11,275,"6",275
585,11,275,"7",275
585,11,275,"8",275
585,11,275,"9",275
585,11,131,"10",131
585,11,55,"10",55
585,11,55,"12",55
585,11,55,"14",55
585,11,55,"2",55
585,11,55,"3",55
585,11,55,"4",55
585,11,55,"5",55
585,11,55,"7",55
585,11,55,"8",55
585,11,55,"9",55
585,11,211,"1",211
585,11,211,"5",211
585,11,211,"8",211
585,11,170,"10",170
585,11,170,"12",170
585,11,170,"14",170
585,11,170,"2",170
585,11,170,"3",170
585,11,170,"4",170
585,11,170,"5",170
585,11,170,"6",170
585,11,170,"8",170
585,11,170,"9",170
585,11,52,"5",52
585,11,73,"10",73
585,11,73,"8",73
585,11,270,"12",270
585,11,270,"2",270
585,11,270,"7",270
585,11,274,"10",274
585,11,274,"12",274
585,11,274,"13",274
585,11,274,"14",274
585,11,274,"2",274
585,11,274,"3",274
585,11,274,"4",274
585,11,274,"6",274
585,11,274,"7",274
585,11,274,"8",274
585,11,274,"9",274
585,11,72,"9",72
585,12,199,"13",199
585,12,199,"7",199
585,12,199,"8",199
585,12,254,"1",254
585,12,254,"3",254
585,12,254,"8",254
585,12,138,"1",138
585,12,138,"11",138
585,12,138,"6",138
585,12,138,"7",138
585,12,138,"8",138
585,12,274,"10",274
585,12,274,"11",274
585,12,274,"13",274
585,12,274,"14",274
585,12,274,"2",274
585,12,274,"3",274
585,12,274,"4",274
585,12,274,"6",274
585,12,274,"7",274
585,12,274,"8",274
585,12,274,"9",274
585,12,81,"10",81
585,12,81,"6",81
585,12,163,"1",163
585,12,163,"11",163
585,12,163,"14",163
585,12,163,"3",163
585,12,163,"4",163
585,12,163,"5",163
585,12,163,"6",163
585,12,163,"8",163
585,12,163,"9",163
585,12,284,"1",284
585,12,284,"10",284
585,12,284,"13",284
585,12,284,"14",284
585,12,284,"2",284
585,12,284,"3",284
585,12,284,"4",284
585,12,284,"5",284
585,12,141,"1",141
585,12,141,"2",141
585,12,141,"5",141
585,12,141,"7",141
585,12,141,"8",141
585,12,92,"10",92
585,12,92,"13",92
585,12,92,"14",92
585,12,92,"2",92
585,12,92,"3",92
585,12,92,"4",92
585,12,92,"5",92
585,12,92,"6",92
585,12,92,"7",92
585,12,92,"9",92
585,12,55,"10",55
585,12,55,"11",55
585,12,55,"14",55
585,12,55,"2",55
585,12,55,"3",55
585,12,55,"4",55
585,12,55,"5",55
585,12,55,"7",55
585,12,55,"8",55
585,12,55,"9",55
585,12,243,"2",243
585,12,243,"6",243
585,12,243,"7",243
585,12,107,"9",107
585,12,275,"1",275
585,12,275,"10",275
585,12,275,"11",275
585,12,275,"2",275
585,12,275,"3",275
585,12,275,"4",275
585,12,275,"5",275
585,12,275,"6",275
585,12,275,"7",275
585,12,275,"8",275
585,12,275,"9",275
585,12,135,"5",135
585,12,103,"3",103
585,12,143,"1",143
585,12,95,"11",95
585,12,217,"13",217
585,12,217,"4",217
585,12,217,"7",217
585,12,217,"8",217
585,12,270,"11",270
585,12,270,"2",270
585,12,270,"7",270
585,12,165,"1",165
585,12,165,"10",165
585,12,165,"11",165
585,12,165,"14",165
585,12,165,"3",165
585,12,165,"4",165
585,12,165,"5",165
585,12,165,"8",165
585,12,165,"9",165
585,12,170,"10",170
585,12,170,"11",170
585,12,170,"14",170
585,12,170,"2",170
585,12,170,"3",170
585,12,170,"4",170
585,12,170,"5",170
585,12,170,"6",170
585,12,170,"8",170
585,12,170,"9",170
585,12,99,"13",99
585,12,130,"4",130
585,12,130,"8",130
585,13,92,"10",92
585,13,92,"12",92
585,13,92,"14",92
585,13,92,"2",92
585,13,92,"3",92
585,13,92,"4",92
585,13,92,"5",92
585,13,92,"6",92
585,13,92,"7",92
585,13,92,"9",92
585,13,44,"1",44
585,13,44,"2",44
585,13,44,"8",44
585,13,44,"9",44
585,13,56,"11",56
585,13,56,"3",56
585,13,56,"5",56
585,13,216,"10",216
585,13,216,"11",216
585,13,216,"3",216
585,13,216,"6",216
585,13,216,"7",216
585,13,216,"9",216
585,13,199,"12",199
585,13,199,"7",199
585,13,199,"8",199
585,13,104,"3",104
585,13,187,"10",187
585,13,187,"11",187
585,13,187,"14",187
585,13,187,"3",187
585,13,187,"4",187
585,13,187,"5",187
585,13,187,"6",187
585,13,187,"7",187
585,13,187,"8",187
585,13,217,"12",217
585,13,217,"4",217
585,13,217,"7",217
585,13,217,"8",217
585,13,146,"8",146
585,13,50,"1",50
585,13,50,"10",50
585,13,50,"14",50
585,13,50,"2",50
585,13,50,"5",50
585,13,50,"6",50
585,13,50,"9",50
585,13,60,"14",60
585,13,60,"3",60
585,13,60,"4",60
585,13,60,"5",60
585,13,60,"6",60
585,13,60,"8",60
585,13,60,"9",60
585,13,194,"2",194
585,13,115,"14",115
585,13,115,"9",115
585,13,238,"2",238
585,13,238,"6",238
585,13,238,"8",238
585,13,225,"6",225
585,13,225,"8",225
585,13,192,"14",192
585,13,192,"5",192
585,13,192,"7",192
585,13,192,"8",192
585,13,99,"12",99
585,13,234,"3",234
585,13,140,"1",140
585,13,140,"8",140
585,13,80,"14",80
585,13,190,"2",190
585,13,190,"4",190
585,13,40,"8",40
585,13,206,"7",206
585,13,284,"1",284
585,13,284,"10",284
585,13,284,"12",284
585,13,284,"14",284
585,13,284,"2",284
585,13,284,"3",284
585,13,284,"4",284
585,13,284,"5",284
585,13,274,"10",274
585,13,274,"11",274
585,13,274,"12",274
585,13,274,"14",274
585,13,274,"2",274
585,13,274,"3",274
585,13,274,"4",274
585,13,274,"6",274
585,13,274,"7",274
585,13,274,"8",274
585,13,274,"9",274
585,14,55,"10",55
585,14,55,"11",55
585,14,55,"12",55
585,14,55,"2",55
585,14,55,"3",55
585,14,55,"4",55
585,14,55,"5",55
585,14,55,"7",55
585,14,55,"8",55
585,14,55,"9",55
585,14,230,"5",230
585,14,77,"10",77
585,14,111,"1",111
585,14,111,"10",111
585,14,111,"2",111
585,14,111,"3",111
585,14,111,"5",111
585,14,111,"7",111
585,14,91,"8",91
585,14,163,"1",163
585,14,163,"11",163
585,14,163,"12",163
585,14,163,"3",163
585,14,163,"4",163
585,14,163,"5",163
585,14,163,"6",163
585,14,163,"8",163
585,14,163,"9",163
585,14,266,"4",266
585,14,266,"5",266
585,14,170,"10",170
585,14,170,"11",170
585,14,170,"12",170
585,14,170,"2",170
585,14,170,"3",170
585,14,170,"4",170
585,14,170,"5",170
585,14,170,"6",170
585,14,170,"8",170
585,14,170,"9",170
585,14,213,"4",213
585,14,239,"4",239
585,14,239,"5",239
585,14,239,"9",239
585,14,80,"13",80
585,14,126,"10",126
585,14,126,"4",126
585,14,126,"7",126
585,14,126,"9",126
585,14,88,"2",88
585,14,192,"13",192
585,14,192,"5",192
585,14,192,"7",192
585,14,192,"8",192
585,14,176,"10",176
585,14,284,"1",284
585,14,284,"10",284
585,14,284,"12",284
585,14,284,"13",284
585,14,284,"2",284
585,14,284,"3",284
585,14,284,"4",284
585,14,284,"5",284
585,14,265,"2",265
585,14,115,"13",115
585,14,115,"9",115
585,14,50,"1",50
585,14,50,"10",50
585,14,50,"13",50
585,14,50,"2",50
585,14,50,"5",50
585,14,50,"6",50
585,14,50,"9",50
585,14,101,"10",101
585,14,101,"3",101
585,14,101,"4",101
585,14,101,"8",101
585,14,101,"9",101
585,14,60,"13",60
585,14,60,"3",60
585,14,60,"4",60
585,14,60,"5",60
585,14,60,"6",60
585,14,60,"8",60
585,14,60,"9",60
585,14,187,"10",187
585,14,187,"11",187
585,14,187,"13",187
585,14,187,"3",187
585,14,187,"4",187
585,14,187,"5",187
585,14,187,"6",187
585,14,187,"7",187
585,14,187,"8",187
585,14,175,"2",175
585,14,92,"10",92
585,14,92,"12",92
585,14,92,"13",92
585,14,92,"2",92
585,14,92,"3",92
585,14,92,"4",92
585,14,92,"5",92
585,14,92,"6",92
585,14,92,"7",92
585,14,92,"9",92
585,14,167,"9",167
585,14,165,"1",165
585,14,165,"10",165
585,14,165,"11",165
585,14,165,"12",165
585,14,165,"3",165
585,14,165,"4",165
585,14,165,"5",165
585,14,165,"8",165
585,14,165,"9",165
585,14,274,"10",274
585,14,274,"11",274
585,14,274,"12",274
585,14,274,"13",274
585,14,274,"2",274
585,14,274,"3",274
585,14,274,"4",274
585,14,274,"6",274
585,14,274,"7",274
585,14,274,"8",274
585,14,274,"9",274
585,2,265,"14",265
585,2,210,"5",210
585,2,258,"1",258
585,2,59,"1",59
585,2,243,"12",243
585,2,243,"6",243
585,2,243,"7",243
585,2,215,"5",215
585,2,215,"8",215
585,2,88,"14",88
585,2,189,"4",189
585,2,175,"14",175
585,2,284,"1",284
585,2,284,"10",284
585,2,284,"12",284
585,2,284,"13",284
585,2,284,"14",284
585,2,284,"3",284
585,2,284,"4",284
585,2,284,"5",284
585,2,275,"1",275
585,2,275,"10",275
585,2,275,"11",275
585,2,275,"12",275
585,2,275,"3",275
585,2,275,"4",275
585,2,275,"5",275
585,2,275,"6",275
585,2,275,"7",275
585,2,275,"8",275
585,2,275,"9",275
585,2,181,"7",181
585,2,203,"6",203
585,2,227,"7",227
585,2,170,"10",170
585,2,170,"11",170
585,2,170,"12",170
585,2,170,"14",170
585,2,170,"3",170
585,2,170,"4",170
585,2,170,"5",170
585,2,170,"6",170
585,2,170,"8",170
585,2,170,"9",170
585,2,109,"5",109
585,2,50,"1",50
585,2,50,"10",50
585,2,50,"13",50
585,2,50,"14",50
585,2,50,"5",50
585,2,50,"6",50
585,2,50,"9",50
585,2,76,"3",76
585,2,114,"9",114
585,2,270,"11",270
585,2,270,"12",270
585,2,270,"7",270
585,2,108,"7",108
585,2,238,"13",238
585,2,238,"6",238
585,2,238,"8",238
585,2,276,"1",276
585,2,276,"11",276
585,2,276,"3",276
585,2,190,"13",190
585,2,190,"4",190
585,2,274,"10",274
585,2,274,"11",274
585,2,274,"12",274
585,2,274,"13",274
585,2,274,"14",274
585,2,274,"3",274
585,2,274,"4",274
585,2,274,"6",274
585,2,274,"7",274
585,2,274,"8",274
585,2,274,"9",274
585,2,194,"13",194
585,2,92,"10",92
585,2,92,"12",92
585,2,92,"13",92
585,2,92,"14",92
585,2,92,"3",92
585,2,92,"4",92
585,2,92,"5",92
585,2,92,"6",92
585,2,92,"7",92
585,2,92,"9",92
585,2,136,"11",136
585,2,136,"3",136
585,2,136,"4",136
585,2,235,"10",235
585,2,235,"5",235
585,2,235,"7",235
585,2,235,"8",235
585,2,141,"1",141
585,2,141,"12",141
585,2,141,"5",141
585,2,141,"7",141
585,2,141,"8",141
585,2,111,"1",111
585,2,111,"10",111
585,2,111,"14",111
585,2,111,"3",111
585,2,111,"5",111
585,2,111,"7",111
585,2,62,"6",62
585,2,62,"8",62
585,2,55,"10",55
585,2,55,"11",55
585,2,55,"12",55
585,2,55,"14",55
585,2,55,"3",55
585,2,55,"4",55
585,2,55,"5",55
585,2,55,"7",55
585,2,55,"8",55
585,2,55,"9",55
585,2,44,"1",44
585,2,44,"13",44
585,2,44,"8",44
585,2,44,"9",44
585,3,254,"1",254
585,3,254,"12",254
585,3,254,"8",254
585,3,55,"10",55
585,3,55,"11",55
585,3,55,"12",55
585,3,55,"14",55
585,3,55,"2",55
585,3,55,"4",55
585,3,55,"5",55
585,3,55,"7",55
585,3,55,"8",55
585,3,55,"9",55
585,3,275,"1",275
585,3,275,"10",275
585,3,275,"11",275
585,3,275,"12",275
585,3,275,"2",275
585,3,275,"4",275
585,3,275,"5",275
585,3,275,"6",275
585,3,275,"7",275
585,3,275,"8",275
585,3,275,"9",275
585,3,60,"13",60
585,3,60,"14",60
585,3,60,"4",60
585,3,60,"5",60
585,3,60,"6",60
585,3,60,"8",60
585,3,60,"9",60
585,3,113,"10",113
585,3,136,"11",136
585,3,136,"2",136
585,3,136,"4",136
585,3,92,"10",92
585,3,92,"12",92
585,3,92,"13",92
585,3,92,"14",92
585,3,92,"2",92
585,3,92,"4",92
585,3,92,"5",92
585,3,92,"6",92
585,3,92,"7",92
585,3,92,"9",92
585,3,101,"10",101
585,3,101,"14",101
585,3,101,"4",101
585,3,101,"8",101
585,3,101,"9",101
585,3,165,"1",165
585,3,165,"10",165
585,3,165,"11",165
585,3,165,"12",165
585,3,165,"14",165
585,3,165,"4",165
585,3,165,"5",165
585,3,165,"8",165
585,3,165,"9",165
585,3,170,"10",170
585,3,170,"11",170
585,3,170,"12",170
585,3,170,"14",170
585,3,170,"2",170
585,3,170,"4",170
585,3,170,"5",170
585,3,170,"6",170
585,3,170,"8",170
585,3,170,"9",170
585,3,241,"10",241
585,3,241,"11",241
585,3,262,"8",262
585,3,163,"1",163
585,3,163,"11",163
585,3,163,"12",163
585,3,163,"14",163
585,3,163,"4",163
585,3,163,"5",163
585,3,163,"6",163
585,3,163,"8",163
585,3,163,"9",163
585,3,137,"8",137
585,3,242,"1",242
585,3,242,"11",242
585,3,242,"4",242
585,3,242,"6",242
585,3,242,"7",242
585,3,242,"8",242
585,3,212,"10",212
585,3,276,"1",276
585,3,276,"11",276
585,3,276,"2",276
585,3,98,"1",98
585,3,98,"10",98
585,3,274,"10",274
585,3,274,"11",274
585,3,274,"12",274
585,3,274,"13",274
585,3,274,"14",274
585,3,274,"2",274
585,3,274,"4",274
585,3,274,"6",274
585,3,274,"7",274
585,3,274,"8",274
585,3,274,"9",274
585,3,104,"13",104
585,3,234,"13",234
585,3,103,"12",103
585,3,193,"6",193
585,3,187,"10",187
585,3,187,"11",187
585,3,187,"13",187
585,3,187,"14",187
585,3,187,"4",187
585,3,187,"5",187
585,3,187,"6",187
585,3,187,"7",187
585,3,187,"8",187
585,3,76,"2",76
585,3,56,"11",56
585,3,56,"13",56
585,3,56,"5",56
585,3,145,"8",145
585,3,284,"1",284
585,3,284,"10",284
585,3,284,"12",284
585,3,284,"13",284
585,3,284,"14",284
585,3,284,"2",284
585,3,284,"4",284
585,3,284,"5",284
585,3,111,"1",111
585,3,111,"10",111
585,3,111,"14",111
585,3,111,"2",111
585,3,111,"5",111
585,3,111,"7",111
585,3,216,"10",216
585,3,216,"11",216
585,3,216,"13",216
585,3,216,"6",216
585,3,216,"7",216
585,3,216,"9",216
585,4,187,"10",187
585,4,187,"11",187
585,4,187,"13",187
585,4,187,"14",187
585,4,187,"3",187
585,4,187,"5",187
585,4,187,"6",187
585,4,187,"7",187
585,4,187,"8",187
585,4,136,"11",136
585,4,136,"2",136
585,4,136,"3",136
585,4,60,"13",60
585,4,60,"14",60
585,4,60,"3",60
585,4,60,"5",60
585,4,60,"6",60
585,4,60,"8",60
585,4,60,"9",60
585,4,189,"2",189
585,4,236,"9",236
585,4,165,"1",165
585,4,165,"10",165
585,4,165,"11",165
585,4,165,"12",165
585,4,165,"14",165
585,4,165,"3",165
585,4,165,"5",165
585,4,165,"8",165
585,4,165,"9",165
585,4,217,"12",217
585,4,217,"13",217
585,4,217,"7",217
585,4,217,"8",217
585,4,130,"12",130
585,4,130,"8",130
585,4,170,"10",170
585,4,170,"11",170
585,4,170,"12",170
585,4,170,"14",170
585,4,170,"2",170
585,4,170,"3",170
585,4,170,"5",170
585,4,170,"6",170
585,4,170,"8",170
585,4,170,"9",170
585,4,266,"14",266
585,4,266,"5",266
585,4,126,"10",126
585,4,126,"14",126
585,4,126,"7",126
585,4,126,"9",126
585,4,101,"10",101
585,4,101,"14",101
585,4,101,"3",101
585,4,101,"8",101
585,4,101,"9",101
585,4,163,"1",163
585,4,163,"11",163
585,4,163,"12",163
585,4,163,"14",163
585,4,163,"3",163
585,4,163,"5",163
585,4,163,"6",163
585,4,163,"8",163
585,4,163,"9",163
585,4,242,"1",242
585,4,242,"11",242
585,4,242,"3",242
585,4,242,"6",242
585,4,242,"7",242
585,4,242,"8",242
585,4,274,"10",274
585,4,274,"11",274
585,4,274,"12",274
585,4,274,"13",274
585,4,274,"14",274
585,4,274,"2",274
585,4,274,"3",274
585,4,274,"6",274
585,4,274,"7",274
585,4,274,"8",274
585,4,274,"9",274
585,4,190,"13",190
585,4,190,"2",190
585,4,92,"10",92
585,4,92,"12",92
585,4,92,"13",92
585,4,92,"14",92
585,4,92,"2",92
585,4,92,"3",92
585,4,92,"5",92
585,4,92,"6",92
585,4,92,"7",92
585,4,92,"9",92
585,4,275,"1",275
585,4,275,"10",275
585,4,275,"11",275
585,4,275,"12",275
585,4,275,"2",275
585,4,275,"3",275
585,4,275,"5",275
585,4,275,"6",275
585,4,275,"7",275
585,4,275,"8",275
585,4,275,"9",275
585,4,213,"14",213
585,4,139,"5",139
585,4,139,"7",139
585,4,55,"10",55
585,4,55,"11",55
585,4,55,"12",55
585,4,55,"14",55
585,4,55,"2",55
585,4,55,"3",55
585,4,55,"5",55
585,4,55,"7",55
585,4,55,"8",55
585,4,55,"9",55
585,4,112,"6",112
585,4,284,"1",284
585,4,284,"10",284
585,4,284,"12",284
585,4,284,"13",284
585,4,284,"14",284
585,4,284,"2",284
585,4,284,"3",284
585,4,284,"5",284
585,4,239,"14",239
585,4,239,"5",239
585,4,239,"9",239
585,5,170,"10",170
585,5,170,"11",170
585,5,170,"12",170
585,5,170,"14",170
585,5,170,"2",170
585,5,170,"3",170
585,5,170,"4",170
585,5,170,"6",170
585,5,170,"8",170
585,5,170,"9",170
585,5,55,"10",55
585,5,55,"11",55
585,5,55,"12",55
585,5,55,"14",55
585,5,55,"2",55
585,5,55,"3",55
585,5,55,"4",55
585,5,55,"7",55
585,5,55,"8",55
585,5,55,"9",55
585,5,141,"1",141
585,5,141,"12",141
585,5,141,"2",141
585,5,141,"7",141
585,5,141,"8",141
585,5,109,"2",109
585,5,235,"10",235
585,5,235,"2",235
585,5,235,"7",235
585,5,235,"8",235
585,5,163,"1",163
585,5,163,"11",163
585,5,163,"12",163
585,5,163,"14",163
585,5,163,"3",163
585,5,163,"4",163
585,5,163,"6",163
585,5,163,"8",163
585,5,163,"9",163
585,5,284,"1",284
585,5,284,"10",284
585,5,284,"12",284
585,5,284,"13",284
585,5,284,"14",284
585,5,284,"2",284
585,5,284,"3",284
585,5,284,"4",284
585,5,165,"1",165
585,5,165,"10",165
585,5,165,"11",165
585,5,165,"12",165
585,5,165,"14",165
585,5,165,"3",165
585,5,165,"4",165
585,5,165,"8",165
585,5,165,"9",165
585,5,52,"11",52
585,5,226,"7",226
585,5,187,"10",187
585,5,187,"11",187
585,5,187,"13",187
585,5,187,"14",187
585,5,187,"3",187
585,5,187,"4",187
585,5,187,"6",187
585,5,187,"7",187
585,5,187,"8",187
585,5,111,"1",111
585,5,111,"10",111
585,5,111,"14",111
585,5,111,"2",111
585,5,111,"3",111
585,5,111,"7",111
585,5,215,"2",215
585,5,215,"8",215
585,5,266,"14",266
585,5,266,"4",266
585,5,230,"14",230
585,5,211,"1",211
585,5,211,"11",211
585,5,211,"8",211
585,5,56,"11",56
585,5,56,"13",56
585,5,56,"3",56
585,5,275,"1",275
585,5,275,"10",275
585,5,275,"11",275
585,5,275,"12",275
585,5,275,"2",275
585,5,275,"3",275
585,5,275,"4",275
585,5,275,"6",275
585,5,275,"7",275
585,5,275,"8",275
585,5,275,"9",275
585,5,135,"12",135
585,5,60,"13",60
585,5,60,"14",60
585,5,60,"3",60
585,5,60,"4",60
585,5,60,"6",60
585,5,60,"8",60
585,5,60,"9",60
585,5,210,"2",210
585,5,139,"4",139
585,5,139,"7",139
585,5,264,"1",264
585,5,54,"10",54
585,5,50,"1",50
585,5,50,"10",50
585,5,50,"13",50
585,5,50,"14",50
585,5,50,"2",50
585,5,50,"6",50
585,5,50,"9",50
585,5,92,"10",92
585,5,92,"12",92
585,5,92,"13",92
585,5,92,"14",92
585,5,92,"2",92
585,5,92,"3",92
585,5,92,"4",92
585,5,92,"6",92
585,5,92,"7",92
585,5,92,"9",92
585,5,239,"14",239
585,5,239,"4",239
585,5,239,"9",239
585,5,106,"8",106
585,5,192,"13",192
585,5,192,"14",192
585,5,192,"7",192
585,5,192,"8",192
585,6,225,"13",225
585,6,225,"8",225
585,6,203,"2",203
585,6,50,"1",50
585,6,50,"10",50
585,6,50,"13",50
585,6,50,"14",50
585,6,50,"2",50
585,6,50,"5",50
585,6,50,"9",50
585,6,112,"4",112
585,6,92,"10",92
585,6,92,"12",92
585,6,92,"13",92
585,6,92,"14",92
585,6,92,"2",92
585,6,92,"3",92
585,6,92,"4",92
585,6,92,"5",92
585,6,92,"7",92
585,6,92,"9",92
585,6,275,"1",275
585,6,275,"10",275
585,6,275,"11",275
585,6,275,"12",275
585,6,275,"2",275
585,6,275,"3",275
585,6,275,"4",275
585,6,275,"5",275
585,6,275,"7",275
585,6,275,"8",275
585,6,275,"9",275
585,6,242,"1",242
585,6,242,"11",242
585,6,242,"3",242
585,6,242,"4",242
585,6,242,"7",242
585,6,242,"8",242
585,6,87,"11",87
585,6,163,"1",163
585,6,163,"11",163
585,6,163,"12",163
585,6,163,"14",163
585,6,163,"3",163
585,6,163,"4",163
585,6,163,"5",163
585,6,163,"8",163
585,6,163,"9",163
585,6,253,"7",253
585,6,202,"1",202
585,6,274,"10",274
585,6,274,"11",274
585,6,274,"12",274
585,6,274,"13",274
585,6,274,"14",274
585,6,274,"2",274
585,6,274,"3",274
585,6,274,"4",274
585,6,274,"7",274
585,6,274,"8",274
585,6,274,"9",274
585,6,138,"1",138
585,6,138,"11",138
585,6,138,"12",138
585,6,138,"7",138
585,6,138,"8",138
585,6,243,"12",243
585,6,243,"2",243
585,6,243,"7",243
585,6,170,"10",170
585,6,170,"11",170
585,6,170,"12",170
585,6,170,"14",170
585,6,170,"2",170
585,6,170,"3",170
585,6,170,"4",170
585,6,170,"5",170
585,6,170,"8",170
585,6,170,"9",170
585,6,238,"13",238
585,6,238,"2",238
585,6,238,"8",238
585,6,193,"3",193
585,6,272,"8",272
585,6,62,"2",62
585,6,62,"8",62
585,6,216,"10",216
585,6,216,"11",216
585,6,216,"13",216
585,6,216,"3",216
585,6,216,"7",216
585,6,216,"9",216
585,6,60,"13",60
585,6,60,"14",60
585,6,60,"3",60
585,6,60,"4",60
585,6,60,"5",60
585,6,60,"8",60
585,6,60,"9",60
585,6,81,"10",81
585,6,81,"12",81
585,6,187,"10",187
585,6,187,"11",187
585,6,187,"13",187
585,6,187,"14",187
585,6,187,"3",187
585,6,187,"4",187
585,6,187,"5",187
585,6,187,"7",187
585,6,187,"8",187
585,7,235,"10",235
585,7,235,"2",235
585,7,235,"5",235
585,7,235,"8",235
585,7,206,"13",206
585,7,160,"10",160
585,7,92,"10",92
585,7,92,"12",92
585,7,92,"13",92
585,7,92,"14",92
585,7,92,"2",92
585,7,92,"3",92
585,7,92,"4",92
585,7,92,"5",92
585,7,92,"6",92
585,7,92,"9",92
585,7,255,"1",255
585,7,255,"8",255
585,7,139,"4",139
585,7,139,"5",139
585,7,270,"11",270
585,7,270,"12",270
585,7,270,"2",270
585,7,181,"2",181
585,7,108,"2",108
585,7,187,"10",187
585,7,187,"11",187
585,7,187,"13",187
585,7,187,"14",187
585,7,187,"3",187
585,7,187,"4",187
585,7,187,"5",187
585,7,187,"6",187
585,7,187,"8",187
585,7,199,"12",199
585,7,199,"13",199
585,7,199,"8",199
585,7,55,"10",55
585,7,55,"11",55
585,7,55,"12",55
585,7,55,"14",55
585,7,55,"2",55
585,7,55,"3",55
585,7,55,"4",55
585,7,55,"5",55
585,7,55,"8",55
585,7,55,"9",55
585,7,275,"1",275
585,7,275,"10",275
585,7,275,"11",275
585,7,275,"12",275
585,7,275,"2",275
585,7,275,"3",275
585,7,275,"4",275
585,7,275,"5",275
585,7,275,"6",275
585,7,275,"8",275
585,7,275,"9",275
585,7,226,"5",226
585,7,138,"1",138
585,7,138,"11",138
585,7,138,"12",138
585,7,138,"6",138
585,7,138,"8",138
585,7,217,"12",217
585,7,217,"13",217
585,7,217,"4",217
585,7,217,"8",217
585,7,159,"1",159
585,7,197,"10",197
585,7,197,"8",197
585,7,86,"8",86
585,7,84,"10",84
585,7,111,"1",111
585,7,111,"10",111
585,7,111,"14",111
585,7,111,"2",111
585,7,111,"3",111
585,7,111,"5",111
585,7,141,"1",141
585,7,141,"12",141
585,7,141,"2",141
585,7,141,"5",141
585,7,141,"8",141
585,7,192,"13",192
585,7,192,"14",192
585,7,192,"5",192
585,7,192,"8",192
585,7,216,"10",216
585,7,216,"11",216
585,7,216,"13",216
585,7,216,"3",216
585,7,216,"6",216
585,7,216,"9",216
585,7,126,"10",126
585,7,126,"14",126
585,7,126,"4",126
585,7,126,"9",126
585,7,242,"1",242
585,7,242,"11",242
585,7,242,"3",242
585,7,242,"4",242
585,7,242,"6",242
585,7,242,"8",242
585,7,227,"2",227
585,7,274,"10",274
585,7,274,"11",274
585,7,274,"12",274
585,7,274,"13",274
585,7,274,"14",274
585,7,274,"2",274
585,7,274,"3",274
585,7,274,"4",274
585,7,274,"6",274
585,7,274,"8",274
585,7,274,"9",274
585,7,243,"12",243
585,7,243,"2",243
585,7,243,"6",243
585,7,253,"6",253
585,8,86,"7",86
585,8,207,"1",207
585,8,40,"13",40
585,8,217,"12",217
585,8,217,"13",217
585,8,217,"4",217
585,8,217,"7",217
585,8,272,"6",272
585,8,192,"13",192
585,8,192,"14",192
585,8,192,"5",192
585,8,192,"7",192
585,8,187,"10",187
585,8,187,"11",187
585,8,187,"13",187
585,8,187,"14",187
585,8,187,"3",187
585,8,187,"4",187
585,8,187,"5",187
585,8,187,"6",187
585,8,187,"7",187
585,8,275,"1",275
585,8,275,"10",275
585,8,275,"11",275
585,8,275,"12",275
585,8,275,"2",275
585,8,275,"3",275
585,8,275,"4",275
585,8,275,"5",275
585,8,275,"6",275
585,8,275,"7",275
585,8,275,"9",275
585,8,235,"10",235
585,8,235,"2",235
585,8,235,"5",235
585,8,235,"7",235
585,8,130,"12",130
585,8,130,"4",130
585,8,197,"10",197
585,8,197,"7",197
585,8,242,"1",242
585,8,242,"11",242
585,8,242,"3",242
585,8,242,"4",242
585,8,242,"6",242
585,8,242,"7",242
585,8,60,"13",60
585,8,60,"14",60
585,8,60,"3",60
585,8,60,"4",60
585,8,60,"5",60
585,8,60,"6",60
585,8,60,"9",60
585,8,166,"10",166
585,8,146,"13",146
585,8,262,"3",262
585,8,101,"10",101
585,8,101,"14",101
585,8,101,"3",101
585,8,101,"4",101
585,8,101,"9",101
585,8,55,"10",55
585,8,55,"11",55
585,8,55,"12",55
585,8,55,"14",55
585,8,55,"2",55
585,8,55,"3",55
585,8,55,"4",55
585,8,55,"5",55
585,8,55,"7",55
585,8,55,"9",55
585,8,254,"1",254
585,8,254,"12",254
585,8,254,"3",254
585,8,44,"1",44
585,8,44,"13",44
585,8,44,"2",44
585,8,44,"9",44
585,8,199,"12",199
585,8,199,"13",199
585,8,199,"7",199
585,8,106,"5",106
585,8,145,"3",145
585,8,141,"1",141
585,8,141,"12",141
585,8,141,"2",141
585,8,141,"5",141
585,8,141,"7",141
585,8,89,"1",89
585,8,255,"1",255
585,8,255,"7",255
585,8,73,"10",73
585,8,73,"11",73
585,8,225,"13",225
585,8,225,"6",225
585,8,49,"9",49
585,8,238,"13",238
585,8,238,"2",238
585,8,238,"6",238
585,8,140,"1",140
585,8,140,"13",140
585,8,62,"2",62
585,8,62,"6",62
585,8,274,"10",274
585,8,274,"11",274
585,8,274,"12",274
585,8,274,"13",274
585,8,274,"14",274
585,8,274,"2",274
585,8,274,"3",274
585,8,274,"4",274
585,8,274,"6",274
585,8,274,"7",274
585,8,274,"9",274
585,8,170,"10",170
585,8,170,"11",170
585,8,170,"12",170
585,8,170,"14",170
585,8,170,"2",170
585,8,170,"3",170
585,8,170,"4",170
585,8,170,"5",170
585,8,170,"6",170
585,8,170,"9",170
585,8,163,"1",163
585,8,163,"11",163
585,8,163,"12",163
585,8,163,"14",163
585,8,163,"3",163
585,8,163,"4",163
585,8,163,"5",163
585,8,163,"6",163
585,8,163,"9",163
585,8,45,"1",45
585,8,91,"14",91
585,8,165,"1",165
585,8,165,"10",165
585,8,165,"11",165
585,8,165,"12",165
585,8,165,"14",165
585,8,165,"3",165
585,8,165,"4",165
585,8,165,"5",165
585,8,165,"9",165
585,8,138,"1",138
585,8,138,"11",138
585,8,138,"12",138
585,8,138,"6",138
585,8,138,"7",138
585,8,215,"2",215
585,8,215,"5",215
585,8,137,"3",137
585,8,211,"1",211
585,8,211,"11",211
585,8,211,"5",211
585,9,170,"10",170
585,9,170,"11",170
585,9,170,"12",170
585,9,170,"14",170
585,9,170,"2",170
585,9,170,"3",170
585,9,170,"4",170
585,9,170,"5",170
585,9,170,"6",170
585,9,170,"8",170
585,9,49,"8",49
585,9,55,"10",55
585,9,55,"11",55
585,9,55,"12",55
585,9,55,"14",55
585,9,55,"2",55
585,9,55,"3",55
585,9,55,"4",55
585,9,55,"5",55
585,9,55,"7",55
585,9,55,"8",55
585,9,165,"1",165
585,9,165,"10",165
585,9,165,"11",165
585,9,165,"12",165
585,9,165,"14",165
585,9,165,"3",165
585,9,165,"4",165
585,9,165,"5",165
585,9,165,"8",165
585,9,101,"10",101
585,9,101,"14",101
585,9,101,"3",101
585,9,101,"4",101
585,9,101,"8",101
585,9,236,"4",236
585,9,274,"10",274
585,9,274,"11",274
585,9,274,"12",274
585,9,274,"13",274
585,9,274,"14",274
585,9,274,"2",274
585,9,274,"3",274
585,9,274,"4",274
585,9,274,"6",274
585,9,274,"7",274
585,9,274,"8",274
585,9,115,"13",115
585,9,115,"14",115
585,9,278,"11",278
585,9,92,"10",92
585,9,92,"12",92
585,9,92,"13",92
585,9,92,"14",92
585,9,92,"2",92
585,9,92,"3",92
585,9,92,"4",92
585,9,92,"5",92
585,9,92,"6",92
585,9,92,"7",92
585,9,232,"10",232
585,9,114,"2",114
585,9,60,"13",60
585,9,60,"14",60
585,9,60,"3",60
585,9,60,"4",60
585,9,60,"5",60
585,9,60,"6",60
585,9,60,"8",60
585,9,163,"1",163
585,9,163,"11",163
585,9,163,"12",163
585,9,163,"14",163
585,9,163,"3",163
585,9,163,"4",163
585,9,163,"5",163
585,9,163,"6",163
585,9,163,"8",163
585,9,167,"14",167
585,9,216,"10",216
585,9,216,"11",216
585,9,216,"13",216
585,9,216,"3",216
585,9,216,"6",216
585,9,216,"7",216
585,9,44,"1",44
585,9,44,"13",44
585,9,44,"2",44
585,9,44,"8",44
585,9,126,"10",126
585,9,126,"14",126
585,9,126,"4",126
585,9,126,"7",126
585,9,275,"1",275
585,9,275,"10",275
585,9,275,"11",275
585,9,275,"12",275
585,9,275,"2",275
585,9,275,"3",275
585,9,275,"4",275
585,9,275,"5",275
585,9,275,"6",275
585,9,275,"7",275
585,9,275,"8",275
585,9,107,"12",107
585,9,72,"11",72
585,9,239,"14",239
585,9,239,"4",239
585,9,239,"5",239
585,9,273,"10",273
585,9,50,"1",50
585,9,50,"10",50
585,9,50,"13",50
585,9,50,"14",50
585,9,50,"2",50
585,9,50,"5",50
585,9,50,"6",50
585,1,14,"3",14
585,1,14,"4",14
585,1,14,"7",14
585,1,14,"8",14
585,1,15,"2",15
585,1,15,"4",15
585,1,17,"10",17
585,1,17,"11",17
585,1,17,"12",17
585,1,17,"2",17
585,1,17,"3",17
585,1,17,"4",17
585,1,17,"5",17
585,1,17,"6",17
585,1,17,"7",17
585,1,17,"8",17
585,1,17,"9",17
585,1,26,"10",26
585,1,26,"12",26
585,1,26,"2",26
585,1,26,"3",26
585,1,26,"4",26
585,1,26,"5",26
585,1,26,"6",26
585,1,26,"7",26
585,1,26,"8",26
585,1,26,"9",26
585,1,28,"2",28
585,1,3,"2",3
585,1,39,"2",39
585,1,9,"10",9
585,1,9,"11",9
585,1,9,"12",9
585,1,9,"13",9
585,1,9,"14",9
585,1,9,"2",9
585,1,9,"3",9
585,1,9,"4",9
585,1,9,"5",9
585,1,9,"6",9
585,1,9,"7",9
585,1,9,"8",9
585,1,9,"9",9
585,10,1,"11",1
585,10,1,"12",1
585,10,1,"7",1
585,10,1,"8",1
585,10,1,"9",1
585,10,10,"11",10
585,10,10,"12",10
585,10,10,"13",10
585,10,10,"14",10
585,10,10,"7",10
585,10,10,"8",10
585,10,10,"9",10
585,10,12,"12",12
585,10,12,"2",12
585,10,12,"5",12
585,10,12,"6",12
585,10,12,"8",12
585,10,12,"9",12
585,10,13,"7",13
585,10,13,"8",13
585,10,16,"11",16
585,10,16,"12",16
585,10,16,"5",16
585,10,17,"1",17
585,10,17,"11",17
585,10,17,"12",17
585,10,17,"2",17
585,10,17,"3",17
585,10,17,"4",17
585,10,17,"5",17
585,10,17,"6",17
585,10,17,"7",17
585,10,17,"8",17
585,10,17,"9",17
585,10,26,"1",26
585,10,26,"12",26
585,10,26,"2",26
585,10,26,"3",26
585,10,26,"4",26
585,10,26,"5",26
585,10,26,"6",26
585,10,26,"7",26
585,10,26,"8",26
585,10,26,"9",26
585,10,27,"9",27
585,10,31,"11",31
585,10,31,"12",31
585,10,31,"13",31
585,10,31,"14",31
585,10,31,"7",31
585,10,31,"8",31
585,10,31,"9",31
585,10,35,"11",35
585,10,35,"12",35
585,10,35,"13",35
585,10,35,"14",35
585,10,35,"5",35
585,10,35,"6",35
585,10,35,"9",35
585,10,38,"14",38
585,10,38,"5",38
585,10,38,"7",38
585,10,38,"8",38
585,10,38,"9",38
585,10,4,"12",4
585,10,4,"13",4
585,10,4,"14",4
585,10,5,"13",5
585,10,5,"14",5
585,10,5,"9",5
585,10,9,"1",9
585,10,9,"11",9
585,10,9,"12",9
585,10,9,"13",9
585,10,9,"14",9
585,10,9,"2",9
585,10,9,"3",9
585,10,9,"4",9
585,10,9,"5",9
585,10,9,"6",9
585,10,9,"7",9
585,10,9,"8",9
585,10,9,"9",9
585,11,1,"10",1
585,11,1,"12",1
585,11,1,"7",1
585,11,1,"8",1
585,11,1,"9",1
585,11,10,"10",10
585,11,10,"12",10
585,11,10,"13",10
585,11,10,"14",10
585,11,10,"7",10
585,11,10,"8",10
585,11,10,"9",10
585,11,16,"10",16
585,11,16,"12",16
585,11,16,"5",16
585,11,17,"1",17
585,11,17,"10",17
585,11,17,"12",17
585,11,17,"2",17
585,11,17,"3",17
585,11,17,"4",17
585,11,17,"5",17
585,11,17,"6",17
585,11,17,"7",17
585,11,17,"8",17
585,11,17,"9",17
585,11,20,"7",20
585,11,31,"10",31
585,11,31,"12",31
585,11,31,"13",31
585,11,31,"14",31
585,11,31,"7",31
585,11,31,"8",31
585,11,31,"9",31
585,11,33,"12",33
585,11,33,"14",33
585,11,34,"5",34
585,11,34,"6",34
585,11,34,"7",34
585,11,35,"10",35
585,11,35,"12",35
585,11,35,"13",35
585,11,35,"14",35
585,11,35,"5",35
585,11,35,"6",35
585,11,35,"9",35
585,11,9,"1",9
585,11,9,"10",9
585,11,9,"12",9
585,11,9,"13",9
585,11,9,"14",9
585,11,9,"2",9
585,11,9,"3",9
585,11,9,"4",9
585,11,9,"5",9
585,11,9,"6",9
585,11,9,"7",9
585,11,9,"8",9
585,11,9,"9",9
585,12,1,"10",1
585,12,1,"11",1
585,12,1,"7",1
585,12,1,"8",1
585,12,1,"9",1
585,12,10,"10",10
585,12,10,"11",10
585,12,10,"13",10
585,12,10,"14",10
585,12,10,"7",10
585,12,10,"8",10
585,12,10,"9",10
585,12,12,"10",12
585,12,12,"2",12
585,12,12,"5",12
585,12,12,"6",12
585,12,12,"8",12
585,12,12,"9",12
585,12,16,"10",16
585,12,16,"11",16
585,12,16,"5",16
585,12,17,"1",17
585,12,17,"10",17
585,12,17,"11",17
585,12,17,"2",17
585,12,17,"3",17
585,12,17,"4",17
585,12,17,"5",17
585,12,17,"6",17
585,12,17,"7",17
585,12,17,"8",17
585,12,17,"9",17
585,12,26,"1",26
585,12,26,"10",26
585,12,26,"2",26
585,12,26,"3",26
585,12,26,"4",26
585,12,26,"5",26
585,12,26,"6",26
585,12,26,"7",26
585,12,26,"8",26
585,12,26,"9",26
585,12,31,"10",31
585,12,31,"11",31
585,12,31,"13",31
585,12,31,"14",31
585,12,31,"7",31
585,12,31,"8",31
585,12,31,"9",31
585,12,33,"11",33
585,12,33,"14",33
585,12,35,"10",35
585,12,35,"11",35
585,12,35,"13",35
585,12,35,"14",35
585,12,35,"5",35
585,12,35,"6",35
585,12,35,"9",35
585,12,36,"3",36
585,12,4,"10",4
585,12,4,"13",4
585,12,4,"14",4
585,12,9,"1",9
585,12,9,"10",9
585,12,9,"11",9
585,12,9,"13",9
585,12,9,"14",9
585,12,9,"2",9
585,12,9,"3",9
585,12,9,"4",9
585,12,9,"5",9
585,12,9,"6",9
585,12,9,"7",9
585,12,9,"8",9
585,12,9,"9",9
585,13,10,"10",10
585,13,10,"11",10
585,13,10,"12",10
585,13,10,"14",10
585,13,10,"7",10
585,13,10,"8",10
585,13,10,"9",10
585,13,31,"10",31
585,13,31,"11",31
585,13,31,"12",31
585,13,31,"14",31
585,13,31,"7",31
585,13,31,"8",31
585,13,31,"9",31
585,13,35,"10",35
585,13,35,"11",35
585,13,35,"12",35
585,13,35,"14",35
585,13,35,"5",35
585,13,35,"6",35
585,13,35,"9",35
585,13,4,"10",4
585,13,4,"12",4
585,13,4,"14",4
585,13,5,"10",5
585,13,5,"14",5
585,13,5,"9",5
585,13,9,"1",9
585,13,9,"10",9
585,13,9,"11",9
585,13,9,"12",9
585,13,9,"14",9
585,13,9,"2",9
585,13,9,"3",9
585,13,9,"4",9
585,13,9,"5",9
585,13,9,"6",9
585,13,9,"7",9
585,13,9,"8",9
585,13,9,"9",9
585,14,10,"10",10
585,14,10,"11",10
585,14,10,"12",10
585,14,10,"13",10
585,14,10,"7",10
585,14,10,"8",10
585,14,10,"9",10
585,14,31,"10",31
585,14,31,"11",31
585,14,31,"12",31
585,14,31,"13",31
585,14,31,"7",31
585,14,31,"8",31
585,14,31,"9",31
585,14,33,"11",33
585,14,33,"12",33
585,14,35,"10",35
585,14,35,"11",35
585,14,35,"12",35
585,14,35,"13",35
585,14,35,"5",35
585,14,35,"6",35
585,14,35,"9",35
585,14,37,"7",37
585,14,37,"8",37
585,14,38,"10",38
585,14,38,"5",38
585,14,38,"7",38
585,14,38,"8",38
585,14,38,"9",38
585,14,4,"10",4
585,14,4,"12",4
585,14,4,"13",4
585,14,5,"10",5
585,14,5,"13",5
585,14,5,"9",5
585,14,9,"1",9
585,14,9,"10",9
585,14,9,"11",9
585,14,9,"12",9
585,14,9,"13",9
585,14,9,"2",9
585,14,9,"3",9
585,14,9,"4",9
585,14,9,"5",9
585,14,9,"6",9
585,14,9,"7",9
585,14,9,"8",9
585,14,9,"9",9
585,2,12,"10",12
585,2,12,"12",12
585,2,12,"5",12
585,2,12,"6",12
585,2,12,"8",12
585,2,12,"9",12
585,2,15,"1",15
585,2,15,"4",15
585,2,17,"1",17
585,2,17,"10",17
585,2,17,"11",17
585,2,17,"12",17
585,2,17,"3",17
585,2,17,"4",17
585,2,17,"5",17
585,2,17,"6",17
585,2,17,"7",17
585,2,17,"8",17
585,2,17,"9",17
585,2,26,"1",26
585,2,26,"10",26
585,2,26,"12",26
585,2,26,"3",26
585,2,26,"4",26
585,2,26,"5",26
585,2,26,"6",26
585,2,26,"7",26
585,2,26,"8",26
585,2,26,"9",26
585,2,28,"1",28
585,2,3,"1",3
585,2,39,"1",39
585,2,9,"1",9
585,2,9,"10",9
585,2,9,"11",9
585,2,9,"12",9
585,2,9,"13",9
585,2,9,"14",9
585,2,9,"3",9
585,2,9,"4",9
585,2,9,"5",9
585,2,9,"6",9
585,2,9,"7",9
585,2,9,"8",9
585,2,9,"9",9
585,3,14,"1",14
585,3,14,"4",14
585,3,14,"7",14
585,3,14,"8",14
585,3,17,"1",17
585,3,17,"10",17
585,3,17,"11",17
585,3,17,"12",17
585,3,17,"2",17
585,3,17,"4",17
585,3,17,"5",17
585,3,17,"6",17
585,3,17,"7",17
585,3,17,"8",17
585,3,17,"9",17
585,3,26,"1",26
585,3,26,"10",26
585,3,26,"12",26
585,3,26,"2",26
585,3,26,"4",26
585,3,26,"5",26
585,3,26,"6",26
585,3,26,"7",26
585,3,26,"8",26
585,3,26,"9",26
585,3,32,"4",32
585,3,36,"12",36
585,3,9,"1",9
585,3,9,"10",9
585,3,9,"11",9
585,3,9,"12",9
585,3,9,"13",9
585,3,9,"14",9
585,3,9,"2",9
585,3,9,"4",9
585,3,9,"5",9
585,3,9,"6",9
585,3,9,"7",9
585,3,9,"8",9
585,3,9,"9",9
585,4,14,"1",14
585,4,14,"3",14
585,4,14,"7",14
585,4,14,"8",14
585,4,15,"1",15
585,4,15,"2",15
585,4,17,"1",17
585,4,17,"10",17
585,4,17,"11",17
585,4,17,"12",17
585,4,17,"2",17
585,4,17,"3",17
585,4,17,"5",17
585,4,17,"6",17
585,4,17,"7",17
585,4,17,"8",17
585,4,17,"9",17
585,4,26,"1",26
585,4,26,"10",26
585,4,26,"12",26
585,4,26,"2",26
585,4,26,"3",26
585,4,26,"5",26
585,4,26,"6",26
585,4,26,"7",26
585,4,26,"8",26
585,4,26,"9",26
585,4,32,"3",32
585,4,9,"1",9
585,4,9,"10",9
585,4,9,"11",9
585,4,9,"12",9
585,4,9,"13",9
585,4,9,"14",9
585,4,9,"2",9
585,4,9,"3",9
585,4,9,"5",9
585,4,9,"6",9
585,4,9,"7",9
585,4,9,"8",9
585,4,9,"9",9
585,5,11,"6",11
585,5,12,"10",12
585,5,12,"12",12
585,5,12,"2",12
585,5,12,"6",12
585,5,12,"8",12
585,5,12,"9",12
585,5,16,"10",16
585,5,16,"11",16
585,5,16,"12",16
585,5,17,"1",17
585,5,17,"10",17
585,5,17,"11",17
585,5,17,"12",17
585,5,17,"2",17
585,5,17,"3",17
585,5,17,"4",17
585,5,17,"6",17
585,5,17,"7",17
585,5,17,"8",17
585,5,17,"9",17
585,5,26,"1",26
585,5,26,"10",26
585,5,26,"12",26
585,5,26,"2",26
585,5,26,"3",26
585,5,26,"4",26
585,5,26,"6",26
585,5,26,"7",26
585,5,26,"8",26
585,5,26,"9",26
585,5,34,"11",34
585,5,34,"6",34
585,5,34,"7",34
585,5,35,"10",35
585,5,35,"11",35
585,5,35,"12",35
585,5,35,"13",35
585,5,35,"14",35
585,5,35,"6",35
585,5,35,"9",35
585,5,38,"10",38
585,5,38,"14",38
585,5,38,"7",38
585,5,38,"8",38
585,5,38,"9",38
585,5,9,"1",9
585,5,9,"10",9
585,5,9,"11",9
585,5,9,"12",9
585,5,9,"13",9
585,5,9,"14",9
585,5,9,"2",9
585,5,9,"3",9
585,5,9,"4",9
585,5,9,"6",9
585,5,9,"7",9
585,5,9,"8",9
585,5,9,"9",9
585,6,11,"5",11
585,6,12,"10",12
585,6,12,"12",12
585,6,12,"2",12
585,6,12,"5",12
585,6,12,"8",12
585,6,12,"9",12
585,6,17,"1",17
585,6,17,"10",17
585,6,17,"11",17
585,6,17,"12",17
585,6,17,"2",17
585,6,17,"3",17
585,6,17,"4",17
585,6,17,"5",17
585,6,17,"7",17
585,6,17,"8",17
585,6,17,"9",17
585,6,26,"1",26
585,6,26,"10",26
585,6,26,"12",26
585,6,26,"2",26
585,6,26,"3",26
585,6,26,"4",26
585,6,26,"5",26
585,6,26,"7",26
585,6,26,"8",26
585,6,26,"9",26
585,6,34,"11",34
585,6,34,"5",34
585,6,34,"7",34
585,6,35,"10",35
585,6,35,"11",35
585,6,35,"12",35
585,6,35,"13",35
585,6,35,"14",35
585,6,35,"5",35
585,6,35,"9",35
585,6,9,"1",9
585,6,9,"10",9
585,6,9,"11",9
585,6,9,"12",9
585,6,9,"13",9
585,6,9,"14",9
585,6,9,"2",9
585,6,9,"3",9
585,6,9,"4",9
585,6,9,"5",9
585,6,9,"7",9
585,6,9,"8",9
585,6,9,"9",9
585,7,1,"10",1
585,7,1,"11",1
585,7,1,"12",1
585,7,1,"8",1
585,7,1,"9",1
585,7,10,"10",10
585,7,10,"11",10
585,7,10,"12",10
585,7,10,"13",10
585,7,10,"14",10
585,7,10,"8",10
585,7,10,"9",10
585,7,13,"10",13
585,7,13,"8",13
585,7,14,"1",14
585,7,14,"3",14
585,7,14,"4",14
585,7,14,"8",14
585,7,17,"1",17
585,7,17,"10",17
585,7,17,"11",17
585,7,17,"12",17
585,7,17,"2",17
585,7,17,"3",17
585,7,17,"4",17
585,7,17,"5",17
585,7,17,"6",17
585,7,17,"8",17
585,7,17,"9",17
585,7,20,"11",20
585,7,23,"8",23
585,7,26,"1",26
585,7,26,"10",26
585,7,26,"12",26
585,7,26,"2",26
585,7,26,"3",26
585,7,26,"4",26
585,7,26,"5",26
585,7,26,"6",26
585,7,26,"8",26
585,7,26,"9",26
585,7,31,"10",31
585,7,31,"11",31
585,7,31,"12",31
585,7,31,"13",31
585,7,31,"14",31
585,7,31,"8",31
585,7,31,"9",31
585,7,34,"11",34
585,7,34,"5",34
585,7,34,"6",34
585,7,37,"14",37
585,7,37,"8",37
585,7,38,"10",38
585,7,38,"14",38
585,7,38,"5",38
585,7,38,"8",38
585,7,38,"9",38
585,7,9,"1",9
585,7,9,"10",9
585,7,9,"11",9
585,7,9,"12",9
585,7,9,"13",9
585,7,9,"14",9
585,7,9,"2",9
585,7,9,"3",9
585,7,9,"4",9
585,7,9,"5",9
585,7,9,"6",9
585,7,9,"8",9
585,7,9,"9",9
585,8,1,"10",1
585,8,1,"11",1
585,8,1,"12",1
585,8,1,"7",1
585,8,1,"9",1
585,8,10,"10",10
585,8,10,"11",10
585,8,10,"12",10
585,8,10,"13",10
585,8,10,"14",10
585,8,10,"7",10
585,8,10,"9",10
585,8,12,"10",12
585,8,12,"12",12
585,8,12,"2",12
585,8,12,"5",12
585,8,12,"6",12
585,8,12,"9",12
585,8,13,"10",13
585,8,13,"7",13
585,8,14,"1",14
585,8,14,"3",14
585,8,14,"4",14
585,8,14,"7",14
585,8,17,"1",17
585,8,17,"10",17
585,8,17,"11",17
585,8,17,"12",17
585,8,17,"2",17
585,8,17,"3",17
585,8,17,"4",17
585,8,17,"5",17
585,8,17,"6",17
585,8,17,"7",17
585,8,17,"9",17
585,8,23,"7",23
585,8,26,"1",26
585,8,26,"10",26
585,8,26,"12",26
585,8,26,"2",26
585,8,26,"3",26
585,8,26,"4",26
585,8,26,"5",26
585,8,26,"6",26
585,8,26,"7",26
585,8,26,"9",26
585,8,31,"10",31
585,8,31,"11",31
585,8,31,"12",31
585,8,31,"13",31
585,8,31,"14",31
585,8,31,"7",31
585,8,31,"9",31
585,8,37,"14",37
585,8,37,"7",37
585,8,38,"10",38
585,8,38,"14",38
585,8,38,"5",38
585,8,38,"7",38
585,8,38,"9",38
585,8,9,"1",9
585,8,9,"10",9
585,8,9,"11",9
585,8,9,"12",9
585,8,9,"13",9
585,8,9,"14",9
585,8,9,"2",9
585,8,9,"3",9
585,8,9,"4",9
585,8,9,"5",9
585,8,9,"6",9
585,8,9,"7",9
585,8,9,"9",9
585,9,1,"10",1
585,9,1,"11",1
585,9,1,"12",1
585,9,1,"7",1
585,9,1,"8",1
585,9,10,"10",10
585,9,10,"11",10
585,9,10,"12",10
585,9,10,"13",10
585,9,10,"14",10
585,9,10,"7",10
585,9,10,"8",10
585,9,12,"10",12
585,9,12,"12",12
585,9,12,"2",12
585,9,12,"5",12
585,9,12,"6",12
585,9,12,"8",12
585,9,17,"1",17
585,9,17,"10",17
585,9,17,"11",17
585,9,17,"12",17
585,9,17,"2",17
585,9,17,"3",17
585,9,17,"4",17
585,9,17,"5",17
585,9,17,"6",17
585,9,17,"7",17
585,9,17,"8",17
585,9,26,"1",26
585,9,26,"10",26
585,9,26,"12",26
585,9,26,"2",26
585,9,26,"3",26
585,9,26,"4",26
585,9,26,"5",26
585,9,26,"6",26
585,9,26,"7",26
585,9,26,"8",26
585,9,27,"10",27
585,9,31,"10",31
585,9,31,"11",31
585,9,31,"12",31
585,9,31,"13",31
585,9,31,"14",31
585,9,31,"7",31
585,9,31,"8",31
585,9,35,"10",35
585,9,35,"11",35
585,9,35,"12",35
585,9,35,"13",35
585,9,35,"14",35
585,9,35,"5",35
585,9,35,"6",35
585,9,38,"10",38
585,9,38,"14",38
585,9,38,"5",38
585,9,38,"7",38
585,9,38,"8",38
585,9,5,"10",5
585,9,5,"13",5
585,9,5,"14",5
585,9,9,"1",9
585,9,9,"10",9
585,9,9,"11",9
585,9,9,"12",9
585,9,9,"13",9
585,9,9,"14",9
585,9,9,"2",9
585,9,9,"3",9
585,9,9,"4",9
585,9,9,"5",9
585,9,9,"6",9
585,9,9,"7",9
585,9,9,"8",9
