"trial_number","layer_from","node_from","layer_to","node_to"
642,1,275,"11",275
642,1,275,"12",275
642,1,275,"13",275
642,1,275,"14",275
642,1,275,"2",275
642,1,275,"3",275
642,1,275,"4",275
642,1,275,"5",275
642,1,275,"6",275
642,1,275,"7",275
642,1,275,"8",275
642,1,226,"8",226
642,1,192,"11",192
642,1,192,"12",192
642,1,192,"3",192
642,1,192,"4",192
642,1,284,"10",284
642,1,284,"14",284
642,1,284,"2",284
642,1,284,"4",284
642,1,284,"6",284
642,1,284,"7",284
642,1,284,"8",284
642,1,284,"9",284
642,1,215,"14",215
642,1,215,"9",215
642,1,91,"5",91
642,1,265,"9",265
642,1,210,"3",210
642,1,230,"3",230
642,1,187,"12",187
642,1,187,"13",187
642,1,187,"2",187
642,1,187,"3",187
642,1,187,"4",187
642,1,187,"6",187
642,1,187,"7",187
642,1,187,"8",187
642,1,187,"9",187
642,1,170,"12",170
642,1,170,"13",170
642,1,170,"14",170
642,1,170,"2",170
642,1,170,"3",170
642,1,170,"5",170
642,1,170,"6",170
642,1,170,"7",170
642,1,170,"8",170
642,1,170,"9",170
642,1,136,"11",136
642,1,136,"4",136
642,1,136,"6",136
642,1,55,"10",55
642,1,55,"12",55
642,1,55,"14",55
642,1,55,"3",55
642,1,55,"4",55
642,1,55,"5",55
642,1,55,"6",55
642,1,55,"7",55
642,1,55,"8",55
642,1,55,"9",55
642,1,262,"8",262
642,1,92,"10",92
642,1,92,"12",92
642,1,92,"13",92
642,1,92,"14",92
642,1,92,"2",92
642,1,92,"3",92
642,1,92,"5",92
642,1,92,"7",92
642,1,92,"8",92
642,1,92,"9",92
642,1,254,"13",254
642,1,254,"3",254
642,1,254,"4",254
642,1,272,"3",272
642,1,44,"12",44
642,1,44,"13",44
642,1,44,"2",44
642,1,44,"9",44
642,1,87,"11",87
642,1,54,"10",54
642,1,236,"2",236
642,1,50,"10",50
642,1,50,"12",50
642,1,50,"13",50
642,1,50,"2",50
642,1,50,"4",50
642,1,50,"5",50
642,1,50,"7",50
642,1,270,"10",270
642,1,270,"13",270
642,1,270,"14",270
642,1,163,"10",163
642,1,163,"11",163
642,1,163,"14",163
642,1,163,"3",163
642,1,163,"4",163
642,1,163,"5",163
642,1,163,"7",163
642,1,163,"8",163
642,1,163,"9",163
642,1,130,"10",130
642,1,130,"12",130
642,1,239,"3",239
642,1,239,"4",239
642,1,239,"5",239
642,1,274,"11",274
642,1,274,"12",274
642,1,274,"14",274
642,1,274,"2",274
642,1,274,"3",274
642,1,274,"4",274
642,1,274,"5",274
642,1,274,"6",274
642,1,274,"7",274
642,1,274,"8",274
642,1,274,"9",274
642,1,89,"4",89
642,1,217,"11",217
642,1,217,"2",217
642,1,217,"3",217
642,1,217,"8",217
642,10,270,"1",270
642,10,270,"13",270
642,10,270,"14",270
642,10,175,"8",175
642,10,143,"12",143
642,10,104,"12",104
642,10,141,"12",141
642,10,141,"13",141
642,10,141,"3",141
642,10,141,"5",141
642,10,141,"7",141
642,10,72,"13",72
642,10,163,"1",163
642,10,163,"11",163
642,10,163,"14",163
642,10,163,"3",163
642,10,163,"4",163
642,10,163,"5",163
642,10,163,"7",163
642,10,163,"8",163
642,10,163,"9",163
642,10,255,"7",255
642,10,255,"8",255
642,10,194,"2",194
642,10,165,"11",165
642,10,165,"12",165
642,10,165,"13",165
642,10,165,"14",165
642,10,165,"2",165
642,10,165,"3",165
642,10,165,"6",165
642,10,165,"7",165
642,10,165,"8",165
642,10,232,"12",232
642,10,101,"11",101
642,10,101,"13",101
642,10,101,"4",101
642,10,101,"7",101
642,10,101,"9",101
642,10,266,"2",266
642,10,266,"8",266
642,10,54,"1",54
642,10,278,"8",278
642,10,216,"12",216
642,10,216,"13",216
642,10,216,"3",216
642,10,216,"6",216
642,10,216,"7",216
642,10,216,"9",216
642,10,45,"2",45
642,10,73,"14",73
642,10,73,"9",73
642,10,92,"1",92
642,10,92,"12",92
642,10,92,"13",92
642,10,92,"14",92
642,10,92,"2",92
642,10,92,"3",92
642,10,92,"5",92
642,10,92,"7",92
642,10,92,"8",92
642,10,92,"9",92
642,10,139,"11",139
642,10,139,"5",139
642,10,199,"12",199
642,10,199,"3",199
642,10,199,"9",199
642,10,55,"1",55
642,10,55,"12",55
642,10,55,"14",55
642,10,55,"3",55
642,10,55,"4",55
642,10,55,"5",55
642,10,55,"6",55
642,10,55,"7",55
642,10,55,"8",55
642,10,55,"9",55
642,10,130,"1",130
642,10,130,"12",130
642,10,88,"7",88
642,10,207,"2",207
642,10,108,"14",108
642,10,211,"2",211
642,10,211,"8",211
642,10,211,"9",211
642,10,84,"6",84
642,10,197,"14",197
642,10,197,"2",197
642,10,80,"14",80
642,10,284,"1",284
642,10,284,"14",284
642,10,284,"2",284
642,10,284,"4",284
642,10,284,"6",284
642,10,284,"7",284
642,10,284,"8",284
642,10,284,"9",284
642,10,50,"1",50
642,10,50,"12",50
642,10,50,"13",50
642,10,50,"2",50
642,10,50,"4",50
642,10,50,"5",50
642,10,50,"7",50
642,10,238,"11",238
642,10,238,"12",238
642,10,238,"4",238
642,11,56,"13",56
642,11,56,"7",56
642,11,56,"8",56
642,11,101,"10",101
642,11,101,"13",101
642,11,101,"4",101
642,11,101,"7",101
642,11,101,"9",101
642,11,106,"8",106
642,11,163,"1",163
642,11,163,"10",163
642,11,163,"14",163
642,11,163,"3",163
642,11,163,"4",163
642,11,163,"5",163
642,11,163,"7",163
642,11,163,"8",163
642,11,163,"9",163
642,11,166,"13",166
642,11,238,"10",238
642,11,238,"12",238
642,11,238,"4",238
642,11,274,"1",274
642,11,274,"12",274
642,11,274,"14",274
642,11,274,"2",274
642,11,274,"3",274
642,11,274,"4",274
642,11,274,"5",274
642,11,274,"6",274
642,11,274,"7",274
642,11,274,"8",274
642,11,274,"9",274
642,11,275,"1",275
642,11,275,"12",275
642,11,275,"13",275
642,11,275,"14",275
642,11,275,"2",275
642,11,275,"3",275
642,11,275,"4",275
642,11,275,"5",275
642,11,275,"6",275
642,11,275,"7",275
642,11,275,"8",275
642,11,165,"10",165
642,11,165,"12",165
642,11,165,"13",165
642,11,165,"14",165
642,11,165,"2",165
642,11,165,"3",165
642,11,165,"6",165
642,11,165,"7",165
642,11,165,"8",165
642,11,217,"1",217
642,11,217,"2",217
642,11,217,"3",217
642,11,217,"8",217
642,11,87,"1",87
642,11,139,"10",139
642,11,139,"5",139
642,11,136,"1",136
642,11,136,"4",136
642,11,136,"6",136
642,11,273,"4",273
642,11,159,"13",159
642,11,192,"1",192
642,11,192,"12",192
642,11,192,"3",192
642,11,192,"4",192
642,11,103,"7",103
642,11,167,"4",167
642,11,52,"8",52
642,11,114,"2",114
642,12,92,"1",92
642,12,92,"10",92
642,12,92,"13",92
642,12,92,"14",92
642,12,92,"2",92
642,12,92,"3",92
642,12,92,"5",92
642,12,92,"7",92
642,12,92,"8",92
642,12,92,"9",92
642,12,44,"1",44
642,12,44,"13",44
642,12,44,"2",44
642,12,44,"9",44
642,12,141,"10",141
642,12,141,"13",141
642,12,141,"3",141
642,12,141,"5",141
642,12,141,"7",141
642,12,130,"1",130
642,12,130,"10",130
642,12,238,"10",238
642,12,238,"11",238
642,12,238,"4",238
642,12,111,"14",111
642,12,111,"3",111
642,12,111,"4",111
642,12,111,"5",111
642,12,111,"8",111
642,12,111,"9",111
642,12,216,"10",216
642,12,216,"13",216
642,12,216,"3",216
642,12,216,"6",216
642,12,216,"7",216
642,12,216,"9",216
642,12,274,"1",274
642,12,274,"11",274
642,12,274,"14",274
642,12,274,"2",274
642,12,274,"3",274
642,12,274,"4",274
642,12,274,"5",274
642,12,274,"6",274
642,12,274,"7",274
642,12,274,"8",274
642,12,274,"9",274
642,12,187,"1",187
642,12,187,"13",187
642,12,187,"2",187
642,12,187,"3",187
642,12,187,"4",187
642,12,187,"6",187
642,12,187,"7",187
642,12,187,"8",187
642,12,187,"9",187
642,12,275,"1",275
642,12,275,"11",275
642,12,275,"13",275
642,12,275,"14",275
642,12,275,"2",275
642,12,275,"3",275
642,12,275,"4",275
642,12,275,"5",275
642,12,275,"6",275
642,12,275,"7",275
642,12,275,"8",275
642,12,199,"10",199
642,12,199,"3",199
642,12,199,"9",199
642,12,165,"10",165
642,12,165,"11",165
642,12,165,"13",165
642,12,165,"14",165
642,12,165,"2",165
642,12,165,"3",165
642,12,165,"6",165
642,12,165,"7",165
642,12,165,"8",165
642,12,190,"2",190
642,12,190,"9",190
642,12,115,"6",115
642,12,115,"7",115
642,12,176,"13",176
642,12,170,"1",170
642,12,170,"13",170
642,12,170,"14",170
642,12,170,"2",170
642,12,170,"3",170
642,12,170,"5",170
642,12,170,"6",170
642,12,170,"7",170
642,12,170,"8",170
642,12,170,"9",170
642,12,242,"14",242
642,12,242,"2",242
642,12,242,"3",242
642,12,242,"5",242
642,12,242,"6",242
642,12,242,"7",242
642,12,143,"10",143
642,12,192,"1",192
642,12,192,"11",192
642,12,192,"3",192
642,12,192,"4",192
642,12,241,"2",241
642,12,241,"6",241
642,12,104,"10",104
642,12,126,"14",126
642,12,126,"4",126
642,12,126,"5",126
642,12,126,"7",126
642,12,50,"1",50
642,12,50,"10",50
642,12,50,"13",50
642,12,50,"2",50
642,12,50,"4",50
642,12,50,"5",50
642,12,50,"7",50
642,12,55,"1",55
642,12,55,"10",55
642,12,55,"14",55
642,12,55,"3",55
642,12,55,"4",55
642,12,55,"5",55
642,12,55,"6",55
642,12,55,"7",55
642,12,55,"8",55
642,12,55,"9",55
642,12,60,"14",60
642,12,60,"3",60
642,12,60,"4",60
642,12,60,"5",60
642,12,60,"7",60
642,12,60,"8",60
642,12,60,"9",60
642,12,206,"14",206
642,12,232,"10",232
642,13,235,"2",235
642,13,235,"6",235
642,13,235,"7",235
642,13,235,"8",235
642,13,72,"10",72
642,13,77,"8",77
642,13,138,"2",138
642,13,138,"3",138
642,13,138,"6",138
642,13,138,"8",138
642,13,138,"9",138
642,13,92,"1",92
642,13,92,"10",92
642,13,92,"12",92
642,13,92,"14",92
642,13,92,"2",92
642,13,92,"3",92
642,13,92,"5",92
642,13,92,"7",92
642,13,92,"8",92
642,13,92,"9",92
642,13,187,"1",187
642,13,187,"12",187
642,13,187,"2",187
642,13,187,"3",187
642,13,187,"4",187
642,13,187,"6",187
642,13,187,"7",187
642,13,187,"8",187
642,13,187,"9",187
642,13,159,"11",159
642,13,101,"10",101
642,13,101,"11",101
642,13,101,"4",101
642,13,101,"7",101
642,13,101,"9",101
642,13,98,"7",98
642,13,98,"8",98
642,13,216,"10",216
642,13,216,"12",216
642,13,216,"3",216
642,13,216,"6",216
642,13,216,"7",216
642,13,216,"9",216
642,13,165,"10",165
642,13,165,"11",165
642,13,165,"12",165
642,13,165,"14",165
642,13,165,"2",165
642,13,165,"3",165
642,13,165,"6",165
642,13,165,"7",165
642,13,165,"8",165
642,13,170,"1",170
642,13,170,"12",170
642,13,170,"14",170
642,13,170,"2",170
642,13,170,"3",170
642,13,170,"5",170
642,13,170,"6",170
642,13,170,"7",170
642,13,170,"8",170
642,13,170,"9",170
642,13,254,"1",254
642,13,254,"3",254
642,13,254,"4",254
642,13,166,"11",166
642,13,107,"9",107
642,13,50,"1",50
642,13,50,"10",50
642,13,50,"12",50
642,13,50,"2",50
642,13,50,"4",50
642,13,50,"5",50
642,13,50,"7",50
642,13,227,"6",227
642,13,44,"1",44
642,13,44,"12",44
642,13,44,"2",44
642,13,44,"9",44
642,13,141,"10",141
642,13,141,"12",141
642,13,141,"3",141
642,13,141,"5",141
642,13,141,"7",141
642,13,59,"4",59
642,13,275,"1",275
642,13,275,"11",275
642,13,275,"12",275
642,13,275,"14",275
642,13,275,"2",275
642,13,275,"3",275
642,13,275,"4",275
642,13,275,"5",275
642,13,275,"6",275
642,13,275,"7",275
642,13,275,"8",275
642,13,86,"2",86
642,13,225,"6",225
642,13,225,"7",225
642,13,56,"11",56
642,13,56,"7",56
642,13,56,"8",56
642,13,176,"12",176
642,13,270,"1",270
642,13,270,"10",270
642,13,270,"14",270
642,14,73,"10",73
642,14,73,"9",73
642,14,197,"10",197
642,14,197,"2",197
642,14,160,"5",160
642,14,55,"1",55
642,14,55,"10",55
642,14,55,"12",55
642,14,55,"3",55
642,14,55,"4",55
642,14,55,"5",55
642,14,55,"6",55
642,14,55,"7",55
642,14,55,"8",55
642,14,55,"9",55
642,14,146,"5",146
642,14,126,"12",126
642,14,126,"4",126
642,14,126,"5",126
642,14,126,"7",126
642,14,170,"1",170
642,14,170,"12",170
642,14,170,"13",170
642,14,170,"2",170
642,14,170,"3",170
642,14,170,"5",170
642,14,170,"6",170
642,14,170,"7",170
642,14,170,"8",170
642,14,170,"9",170
642,14,81,"2",81
642,14,81,"4",81
642,14,60,"12",60
642,14,60,"3",60
642,14,60,"4",60
642,14,60,"5",60
642,14,60,"7",60
642,14,60,"8",60
642,14,60,"9",60
642,14,80,"10",80
642,14,92,"1",92
642,14,92,"10",92
642,14,92,"12",92
642,14,92,"13",92
642,14,92,"2",92
642,14,92,"3",92
642,14,92,"5",92
642,14,92,"7",92
642,14,92,"8",92
642,14,92,"9",92
642,14,206,"12",206
642,14,112,"4",112
642,14,137,"3",137
642,14,202,"8",202
642,14,212,"7",212
642,14,111,"12",111
642,14,111,"3",111
642,14,111,"4",111
642,14,111,"5",111
642,14,111,"8",111
642,14,111,"9",111
642,14,163,"1",163
642,14,163,"10",163
642,14,163,"11",163
642,14,163,"3",163
642,14,163,"4",163
642,14,163,"5",163
642,14,163,"7",163
642,14,163,"8",163
642,14,163,"9",163
642,14,275,"1",275
642,14,275,"11",275
642,14,275,"12",275
642,14,275,"13",275
642,14,275,"2",275
642,14,275,"3",275
642,14,275,"4",275
642,14,275,"5",275
642,14,275,"6",275
642,14,275,"7",275
642,14,275,"8",275
642,14,242,"12",242
642,14,242,"2",242
642,14,242,"3",242
642,14,242,"5",242
642,14,242,"6",242
642,14,242,"7",242
642,14,284,"1",284
642,14,284,"10",284
642,14,284,"2",284
642,14,284,"4",284
642,14,284,"6",284
642,14,284,"7",284
642,14,284,"8",284
642,14,284,"9",284
642,14,215,"1",215
642,14,215,"9",215
642,14,270,"1",270
642,14,270,"10",270
642,14,270,"13",270
642,14,108,"10",108
642,14,145,"2",145
642,14,165,"10",165
642,14,165,"11",165
642,14,165,"12",165
642,14,165,"13",165
642,14,165,"2",165
642,14,165,"3",165
642,14,165,"6",165
642,14,165,"7",165
642,14,165,"8",165
642,14,274,"1",274
642,14,274,"11",274
642,14,274,"12",274
642,14,274,"2",274
642,14,274,"3",274
642,14,274,"4",274
642,14,274,"5",274
642,14,274,"6",274
642,14,274,"7",274
642,14,274,"8",274
642,14,274,"9",274
642,2,241,"12",241
642,2,241,"6",241
642,2,242,"12",242
642,2,242,"14",242
642,2,242,"3",242
642,2,242,"5",242
642,2,242,"6",242
642,2,242,"7",242
642,2,217,"1",217
642,2,217,"11",217
642,2,217,"3",217
642,2,217,"8",217
642,2,131,"3",131
642,2,187,"1",187
642,2,187,"12",187
642,2,187,"13",187
642,2,187,"3",187
642,2,187,"4",187
642,2,187,"6",187
642,2,187,"7",187
642,2,187,"8",187
642,2,187,"9",187
642,2,145,"14",145
642,2,189,"6",189
642,2,266,"10",266
642,2,266,"8",266
642,2,194,"10",194
642,2,114,"11",114
642,2,275,"1",275
642,2,275,"11",275
642,2,275,"12",275
642,2,275,"13",275
642,2,275,"14",275
642,2,275,"3",275
642,2,275,"4",275
642,2,275,"5",275
642,2,275,"6",275
642,2,275,"7",275
642,2,275,"8",275
642,2,138,"13",138
642,2,138,"3",138
642,2,138,"6",138
642,2,138,"8",138
642,2,138,"9",138
642,2,165,"10",165
642,2,165,"11",165
642,2,165,"12",165
642,2,165,"13",165
642,2,165,"14",165
642,2,165,"3",165
642,2,165,"6",165
642,2,165,"7",165
642,2,165,"8",165
642,2,49,"6",49
642,2,207,"10",207
642,2,190,"12",190
642,2,190,"9",190
642,2,81,"14",81
642,2,81,"4",81
642,2,44,"1",44
642,2,44,"12",44
642,2,44,"13",44
642,2,44,"9",44
642,2,92,"1",92
642,2,92,"10",92
642,2,92,"12",92
642,2,92,"13",92
642,2,92,"14",92
642,2,92,"3",92
642,2,92,"5",92
642,2,92,"7",92
642,2,92,"8",92
642,2,92,"9",92
642,2,236,"1",236
642,2,45,"10",45
642,2,235,"13",235
642,2,235,"6",235
642,2,235,"7",235
642,2,235,"8",235
642,2,170,"1",170
642,2,170,"12",170
642,2,170,"13",170
642,2,170,"14",170
642,2,170,"3",170
642,2,170,"5",170
642,2,170,"6",170
642,2,170,"7",170
642,2,170,"8",170
642,2,170,"9",170
642,2,274,"1",274
642,2,274,"11",274
642,2,274,"12",274
642,2,274,"14",274
642,2,274,"3",274
642,2,274,"4",274
642,2,274,"5",274
642,2,274,"6",274
642,2,274,"7",274
642,2,274,"8",274
642,2,274,"9",274
642,2,50,"1",50
642,2,50,"10",50
642,2,50,"12",50
642,2,50,"13",50
642,2,50,"4",50
642,2,50,"5",50
642,2,50,"7",50
642,2,284,"1",284
642,2,284,"10",284
642,2,284,"14",284
642,2,284,"4",284
642,2,284,"6",284
642,2,284,"7",284
642,2,284,"8",284
642,2,284,"9",284
642,2,211,"10",211
642,2,211,"8",211
642,2,211,"9",211
642,2,197,"10",197
642,2,197,"14",197
642,2,86,"13",86
642,2,264,"7",264
642,3,60,"12",60
642,3,60,"14",60
642,3,60,"4",60
642,3,60,"5",60
642,3,60,"7",60
642,3,60,"8",60
642,3,60,"9",60
642,3,181,"4",181
642,3,170,"1",170
642,3,170,"12",170
642,3,170,"13",170
642,3,170,"14",170
642,3,170,"2",170
642,3,170,"5",170
642,3,170,"6",170
642,3,170,"7",170
642,3,170,"8",170
642,3,170,"9",170
642,3,163,"1",163
642,3,163,"10",163
642,3,163,"11",163
642,3,163,"14",163
642,3,163,"4",163
642,3,163,"5",163
642,3,163,"7",163
642,3,163,"8",163
642,3,163,"9",163
642,3,272,"1",272
642,3,165,"10",165
642,3,165,"11",165
642,3,165,"12",165
642,3,165,"13",165
642,3,165,"14",165
642,3,165,"2",165
642,3,165,"6",165
642,3,165,"7",165
642,3,165,"8",165
642,3,131,"2",131
642,3,254,"1",254
642,3,254,"13",254
642,3,254,"4",254
642,3,210,"1",210
642,3,239,"1",239
642,3,239,"4",239
642,3,239,"5",239
642,3,192,"1",192
642,3,192,"11",192
642,3,192,"12",192
642,3,192,"4",192
642,3,193,"4",193
642,3,216,"10",216
642,3,216,"12",216
642,3,216,"13",216
642,3,216,"6",216
642,3,216,"7",216
642,3,216,"9",216
642,3,276,"4",276
642,3,276,"5",276
642,3,276,"9",276
642,3,111,"12",111
642,3,111,"14",111
642,3,111,"4",111
642,3,111,"5",111
642,3,111,"8",111
642,3,111,"9",111
642,3,137,"14",137
642,3,76,"5",76
642,3,275,"1",275
642,3,275,"11",275
642,3,275,"12",275
642,3,275,"13",275
642,3,275,"14",275
642,3,275,"2",275
642,3,275,"4",275
642,3,275,"5",275
642,3,275,"6",275
642,3,275,"7",275
642,3,275,"8",275
642,3,187,"1",187
642,3,187,"12",187
642,3,187,"13",187
642,3,187,"2",187
642,3,187,"4",187
642,3,187,"6",187
642,3,187,"7",187
642,3,187,"8",187
642,3,187,"9",187
642,3,55,"1",55
642,3,55,"10",55
642,3,55,"12",55
642,3,55,"14",55
642,3,55,"4",55
642,3,55,"5",55
642,3,55,"6",55
642,3,55,"7",55
642,3,55,"8",55
642,3,55,"9",55
642,3,230,"1",230
642,3,92,"1",92
642,3,92,"10",92
642,3,92,"12",92
642,3,92,"13",92
642,3,92,"14",92
642,3,92,"2",92
642,3,92,"5",92
642,3,92,"7",92
642,3,92,"8",92
642,3,92,"9",92
642,3,62,"4",62
642,3,62,"5",62
642,3,242,"12",242
642,3,242,"14",242
642,3,242,"2",242
642,3,242,"5",242
642,3,242,"6",242
642,3,242,"7",242
642,3,274,"1",274
642,3,274,"11",274
642,3,274,"12",274
642,3,274,"14",274
642,3,274,"2",274
642,3,274,"4",274
642,3,274,"5",274
642,3,274,"6",274
642,3,274,"7",274
642,3,274,"8",274
642,3,274,"9",274
642,3,138,"13",138
642,3,138,"2",138
642,3,138,"6",138
642,3,138,"8",138
642,3,138,"9",138
642,3,217,"1",217
642,3,217,"11",217
642,3,217,"2",217
642,3,217,"8",217
642,3,141,"10",141
642,3,141,"12",141
642,3,141,"13",141
642,3,141,"5",141
642,3,141,"7",141
642,3,199,"10",199
642,3,199,"12",199
642,3,199,"9",199
642,4,243,"6",243
642,4,243,"7",243
642,4,243,"8",243
642,4,81,"14",81
642,4,81,"2",81
642,4,276,"3",276
642,4,276,"5",276
642,4,276,"9",276
642,4,101,"10",101
642,4,101,"11",101
642,4,101,"13",101
642,4,101,"7",101
642,4,101,"9",101
642,4,273,"11",273
642,4,238,"10",238
642,4,238,"11",238
642,4,238,"12",238
642,4,275,"1",275
642,4,275,"11",275
642,4,275,"12",275
642,4,275,"13",275
642,4,275,"14",275
642,4,275,"2",275
642,4,275,"3",275
642,4,275,"5",275
642,4,275,"6",275
642,4,275,"7",275
642,4,275,"8",275
642,4,239,"1",239
642,4,239,"3",239
642,4,239,"5",239
642,4,59,"13",59
642,4,163,"1",163
642,4,163,"10",163
642,4,163,"11",163
642,4,163,"14",163
642,4,163,"3",163
642,4,163,"5",163
642,4,163,"7",163
642,4,163,"8",163
642,4,163,"9",163
642,4,62,"3",62
642,4,62,"5",62
642,4,60,"12",60
642,4,60,"14",60
642,4,60,"3",60
642,4,60,"5",60
642,4,60,"7",60
642,4,60,"8",60
642,4,60,"9",60
642,4,136,"1",136
642,4,136,"11",136
642,4,136,"6",136
642,4,181,"3",181
642,4,167,"11",167
642,4,254,"1",254
642,4,254,"13",254
642,4,254,"3",254
642,4,126,"12",126
642,4,126,"14",126
642,4,126,"5",126
642,4,126,"7",126
642,4,274,"1",274
642,4,274,"11",274
642,4,274,"12",274
642,4,274,"14",274
642,4,274,"2",274
642,4,274,"3",274
642,4,274,"5",274
642,4,274,"6",274
642,4,274,"7",274
642,4,274,"8",274
642,4,274,"9",274
642,4,187,"1",187
642,4,187,"12",187
642,4,187,"13",187
642,4,187,"2",187
642,4,187,"3",187
642,4,187,"6",187
642,4,187,"7",187
642,4,187,"8",187
642,4,187,"9",187
642,4,55,"1",55
642,4,55,"10",55
642,4,55,"12",55
642,4,55,"14",55
642,4,55,"3",55
642,4,55,"5",55
642,4,55,"6",55
642,4,55,"7",55
642,4,55,"8",55
642,4,55,"9",55
642,4,193,"3",193
642,4,284,"1",284
642,4,284,"10",284
642,4,284,"14",284
642,4,284,"2",284
642,4,284,"6",284
642,4,284,"7",284
642,4,284,"8",284
642,4,284,"9",284
642,4,192,"1",192
642,4,192,"11",192
642,4,192,"12",192
642,4,192,"3",192
642,4,111,"12",111
642,4,111,"14",111
642,4,111,"3",111
642,4,111,"5",111
642,4,111,"8",111
642,4,111,"9",111
642,4,112,"14",112
642,4,50,"1",50
642,4,50,"10",50
642,4,50,"12",50
642,4,50,"13",50
642,4,50,"2",50
642,4,50,"5",50
642,4,50,"7",50
642,4,89,"1",89
642,5,276,"3",276
642,5,276,"4",276
642,5,276,"9",276
642,5,126,"12",126
642,5,126,"14",126
642,5,126,"4",126
642,5,126,"7",126
642,5,170,"1",170
642,5,170,"12",170
642,5,170,"13",170
642,5,170,"14",170
642,5,170,"2",170
642,5,170,"3",170
642,5,170,"6",170
642,5,170,"7",170
642,5,170,"8",170
642,5,170,"9",170
642,5,234,"7",234
642,5,62,"3",62
642,5,62,"4",62
642,5,274,"1",274
642,5,274,"11",274
642,5,274,"12",274
642,5,274,"14",274
642,5,274,"2",274
642,5,274,"3",274
642,5,274,"4",274
642,5,274,"6",274
642,5,274,"7",274
642,5,274,"8",274
642,5,274,"9",274
642,5,99,"8",99
642,5,76,"3",76
642,5,135,"8",135
642,5,95,"9",95
642,5,258,"9",258
642,5,50,"1",50
642,5,50,"10",50
642,5,50,"12",50
642,5,50,"13",50
642,5,50,"2",50
642,5,50,"4",50
642,5,50,"7",50
642,5,55,"1",55
642,5,55,"10",55
642,5,55,"12",55
642,5,55,"14",55
642,5,55,"3",55
642,5,55,"4",55
642,5,55,"6",55
642,5,55,"7",55
642,5,55,"8",55
642,5,55,"9",55
642,5,203,"6",203
642,5,163,"1",163
642,5,163,"10",163
642,5,163,"11",163
642,5,163,"14",163
642,5,163,"3",163
642,5,163,"4",163
642,5,163,"7",163
642,5,163,"8",163
642,5,163,"9",163
642,5,275,"1",275
642,5,275,"11",275
642,5,275,"12",275
642,5,275,"13",275
642,5,275,"14",275
642,5,275,"2",275
642,5,275,"3",275
642,5,275,"4",275
642,5,275,"6",275
642,5,275,"7",275
642,5,275,"8",275
642,5,239,"1",239
642,5,239,"3",239
642,5,239,"4",239
642,5,139,"10",139
642,5,139,"11",139
642,5,242,"12",242
642,5,242,"14",242
642,5,242,"2",242
642,5,242,"3",242
642,5,242,"6",242
642,5,242,"7",242
642,5,111,"12",111
642,5,111,"14",111
642,5,111,"3",111
642,5,111,"4",111
642,5,111,"8",111
642,5,111,"9",111
642,5,60,"12",60
642,5,60,"14",60
642,5,60,"3",60
642,5,60,"4",60
642,5,60,"7",60
642,5,60,"8",60
642,5,60,"9",60
642,5,91,"1",91
642,5,141,"10",141
642,5,141,"12",141
642,5,141,"13",141
642,5,141,"3",141
642,5,141,"7",141
642,5,160,"14",160
642,5,146,"14",146
642,5,92,"1",92
642,5,92,"10",92
642,5,92,"12",92
642,5,92,"13",92
642,5,92,"14",92
642,5,92,"2",92
642,5,92,"3",92
642,5,92,"7",92
642,5,92,"8",92
642,5,92,"9",92
642,6,40,"8",40
642,6,275,"1",275
642,6,275,"11",275
642,6,275,"12",275
642,6,275,"13",275
642,6,275,"14",275
642,6,275,"2",275
642,6,275,"3",275
642,6,275,"4",275
642,6,275,"5",275
642,6,275,"7",275
642,6,275,"8",275
642,6,49,"2",49
642,6,274,"1",274
642,6,274,"11",274
642,6,274,"12",274
642,6,274,"14",274
642,6,274,"2",274
642,6,274,"3",274
642,6,274,"4",274
642,6,274,"5",274
642,6,274,"7",274
642,6,274,"8",274
642,6,274,"9",274
642,6,241,"12",241
642,6,241,"2",241
642,6,140,"7",140
642,6,140,"8",140
642,6,253,"8",253
642,6,235,"13",235
642,6,235,"2",235
642,6,235,"7",235
642,6,235,"8",235
642,6,284,"1",284
642,6,284,"10",284
642,6,284,"14",284
642,6,284,"2",284
642,6,284,"4",284
642,6,284,"7",284
642,6,284,"8",284
642,6,284,"9",284
642,6,203,"5",203
642,6,165,"10",165
642,6,165,"11",165
642,6,165,"12",165
642,6,165,"13",165
642,6,165,"14",165
642,6,165,"2",165
642,6,165,"3",165
642,6,165,"7",165
642,6,165,"8",165
642,6,189,"2",189
642,6,55,"1",55
642,6,55,"10",55
642,6,55,"12",55
642,6,55,"14",55
642,6,55,"3",55
642,6,55,"4",55
642,6,55,"5",55
642,6,55,"7",55
642,6,55,"8",55
642,6,55,"9",55
642,6,216,"10",216
642,6,216,"12",216
642,6,216,"13",216
642,6,216,"3",216
642,6,216,"7",216
642,6,216,"9",216
642,6,136,"1",136
642,6,136,"11",136
642,6,136,"4",136
642,6,227,"13",227
642,6,225,"13",225
642,6,225,"7",225
642,6,170,"1",170
642,6,170,"12",170
642,6,170,"13",170
642,6,170,"14",170
642,6,170,"2",170
642,6,170,"3",170
642,6,170,"5",170
642,6,170,"7",170
642,6,170,"8",170
642,6,170,"9",170
642,6,138,"13",138
642,6,138,"2",138
642,6,138,"3",138
642,6,138,"8",138
642,6,138,"9",138
642,6,115,"12",115
642,6,115,"7",115
642,6,242,"12",242
642,6,242,"14",242
642,6,242,"2",242
642,6,242,"3",242
642,6,242,"5",242
642,6,242,"7",242
642,6,84,"10",84
642,6,243,"4",243
642,6,243,"7",243
642,6,243,"8",243
642,6,187,"1",187
642,6,187,"12",187
642,6,187,"13",187
642,6,187,"2",187
642,6,187,"3",187
642,6,187,"4",187
642,6,187,"7",187
642,6,187,"8",187
642,6,187,"9",187
642,7,216,"10",216
642,7,216,"12",216
642,7,216,"13",216
642,7,216,"3",216
642,7,216,"6",216
642,7,216,"9",216
642,7,101,"10",101
642,7,101,"11",101
642,7,101,"13",101
642,7,101,"4",101
642,7,101,"9",101
642,7,115,"12",115
642,7,115,"6",115
642,7,165,"10",165
642,7,165,"11",165
642,7,165,"12",165
642,7,165,"13",165
642,7,165,"14",165
642,7,165,"2",165
642,7,165,"3",165
642,7,165,"6",165
642,7,165,"8",165
642,7,225,"13",225
642,7,225,"6",225
642,7,50,"1",50
642,7,50,"10",50
642,7,50,"12",50
642,7,50,"13",50
642,7,50,"2",50
642,7,50,"4",50
642,7,50,"5",50
642,7,212,"14",212
642,7,234,"5",234
642,7,109,"8",109
642,7,60,"12",60
642,7,60,"14",60
642,7,60,"3",60
642,7,60,"4",60
642,7,60,"5",60
642,7,60,"8",60
642,7,60,"9",60
642,7,103,"11",103
642,7,255,"10",255
642,7,255,"8",255
642,7,56,"11",56
642,7,56,"13",56
642,7,56,"8",56
642,7,98,"13",98
642,7,98,"8",98
642,7,243,"4",243
642,7,243,"6",243
642,7,243,"8",243
642,7,264,"2",264
642,7,275,"1",275
642,7,275,"11",275
642,7,275,"12",275
642,7,275,"13",275
642,7,275,"14",275
642,7,275,"2",275
642,7,275,"3",275
642,7,275,"4",275
642,7,275,"5",275
642,7,275,"6",275
642,7,275,"8",275
642,7,235,"13",235
642,7,235,"2",235
642,7,235,"6",235
642,7,235,"8",235
642,7,92,"1",92
642,7,92,"10",92
642,7,92,"12",92
642,7,92,"13",92
642,7,92,"14",92
642,7,92,"2",92
642,7,92,"3",92
642,7,92,"5",92
642,7,92,"8",92
642,7,92,"9",92
642,7,88,"10",88
642,7,141,"10",141
642,7,141,"12",141
642,7,141,"13",141
642,7,141,"3",141
642,7,141,"5",141
642,7,284,"1",284
642,7,284,"10",284
642,7,284,"14",284
642,7,284,"2",284
642,7,284,"4",284
642,7,284,"6",284
642,7,284,"8",284
642,7,284,"9",284
642,7,113,"8",113
642,7,170,"1",170
642,7,170,"12",170
642,7,170,"13",170
642,7,170,"14",170
642,7,170,"2",170
642,7,170,"3",170
642,7,170,"5",170
642,7,170,"6",170
642,7,170,"8",170
642,7,170,"9",170
642,7,187,"1",187
642,7,187,"12",187
642,7,187,"13",187
642,7,187,"2",187
642,7,187,"3",187
642,7,187,"4",187
642,7,187,"6",187
642,7,187,"8",187
642,7,187,"9",187
642,7,55,"1",55
642,7,55,"10",55
642,7,55,"12",55
642,7,55,"14",55
642,7,55,"3",55
642,7,55,"4",55
642,7,55,"5",55
642,7,55,"6",55
642,7,55,"8",55
642,7,55,"9",55
642,7,140,"6",140
642,7,140,"8",140
642,7,274,"1",274
642,7,274,"11",274
642,7,274,"12",274
642,7,274,"14",274
642,7,274,"2",274
642,7,274,"3",274
642,7,274,"4",274
642,7,274,"5",274
642,7,274,"6",274
642,7,274,"8",274
642,7,274,"9",274
642,7,242,"12",242
642,7,242,"14",242
642,7,242,"2",242
642,7,242,"3",242
642,7,242,"5",242
642,7,242,"6",242
642,7,163,"1",163
642,7,163,"10",163
642,7,163,"11",163
642,7,163,"14",163
642,7,163,"3",163
642,7,163,"4",163
642,7,163,"5",163
642,7,163,"8",163
642,7,163,"9",163
642,7,126,"12",126
642,7,126,"14",126
642,7,126,"4",126
642,7,126,"5",126
642,8,55,"1",55
642,8,55,"10",55
642,8,55,"12",55
642,8,55,"14",55
642,8,55,"3",55
642,8,55,"4",55
642,8,55,"5",55
642,8,55,"6",55
642,8,55,"7",55
642,8,55,"9",55
642,8,140,"6",140
642,8,140,"7",140
642,8,109,"7",109
642,8,135,"5",135
642,8,92,"1",92
642,8,92,"10",92
642,8,92,"12",92
642,8,92,"13",92
642,8,92,"14",92
642,8,92,"2",92
642,8,92,"3",92
642,8,92,"5",92
642,8,92,"7",92
642,8,92,"9",92
642,8,202,"14",202
642,8,266,"10",266
642,8,266,"2",266
642,8,170,"1",170
642,8,170,"12",170
642,8,170,"13",170
642,8,170,"14",170
642,8,170,"2",170
642,8,170,"3",170
642,8,170,"5",170
642,8,170,"6",170
642,8,170,"7",170
642,8,170,"9",170
642,8,165,"10",165
642,8,165,"11",165
642,8,165,"12",165
642,8,165,"13",165
642,8,165,"14",165
642,8,165,"2",165
642,8,165,"3",165
642,8,165,"6",165
642,8,165,"7",165
642,8,211,"10",211
642,8,211,"2",211
642,8,211,"9",211
642,8,275,"1",275
642,8,275,"11",275
642,8,275,"12",275
642,8,275,"13",275
642,8,275,"14",275
642,8,275,"2",275
642,8,275,"3",275
642,8,275,"4",275
642,8,275,"5",275
642,8,275,"6",275
642,8,275,"7",275
642,8,284,"1",284
642,8,284,"10",284
642,8,284,"14",284
642,8,284,"2",284
642,8,284,"4",284
642,8,284,"6",284
642,8,284,"7",284
642,8,284,"9",284
642,8,175,"10",175
642,8,217,"1",217
642,8,217,"11",217
642,8,217,"2",217
642,8,217,"3",217
642,8,60,"12",60
642,8,60,"14",60
642,8,60,"3",60
642,8,60,"4",60
642,8,60,"5",60
642,8,60,"7",60
642,8,60,"9",60
642,8,262,"1",262
642,8,138,"13",138
642,8,138,"2",138
642,8,138,"3",138
642,8,138,"6",138
642,8,138,"9",138
642,8,163,"1",163
642,8,163,"10",163
642,8,163,"11",163
642,8,163,"14",163
642,8,163,"3",163
642,8,163,"4",163
642,8,163,"5",163
642,8,163,"7",163
642,8,163,"9",163
642,8,98,"13",98
642,8,98,"7",98
642,8,99,"5",99
642,8,213,"9",213
642,8,274,"1",274
642,8,274,"11",274
642,8,274,"12",274
642,8,274,"14",274
642,8,274,"2",274
642,8,274,"3",274
642,8,274,"4",274
642,8,274,"5",274
642,8,274,"6",274
642,8,274,"7",274
642,8,274,"9",274
642,8,77,"13",77
642,8,40,"6",40
642,8,235,"13",235
642,8,235,"2",235
642,8,235,"6",235
642,8,235,"7",235
642,8,255,"10",255
642,8,255,"7",255
642,8,113,"7",113
642,8,106,"11",106
642,8,111,"12",111
642,8,111,"14",111
642,8,111,"3",111
642,8,111,"4",111
642,8,111,"5",111
642,8,111,"9",111
642,8,56,"11",56
642,8,56,"13",56
642,8,56,"7",56
642,8,187,"1",187
642,8,187,"12",187
642,8,187,"13",187
642,8,187,"2",187
642,8,187,"3",187
642,8,187,"4",187
642,8,187,"6",187
642,8,187,"7",187
642,8,187,"9",187
642,8,278,"10",278
642,8,226,"1",226
642,8,52,"11",52
642,8,243,"4",243
642,8,243,"6",243
642,8,243,"7",243
642,8,253,"6",253
642,9,170,"1",170
642,9,170,"12",170
642,9,170,"13",170
642,9,170,"14",170
642,9,170,"2",170
642,9,170,"3",170
642,9,170,"5",170
642,9,170,"6",170
642,9,170,"7",170
642,9,170,"8",170
642,9,274,"1",274
642,9,274,"11",274
642,9,274,"12",274
642,9,274,"14",274
642,9,274,"2",274
642,9,274,"3",274
642,9,274,"4",274
642,9,274,"5",274
642,9,274,"6",274
642,9,274,"7",274
642,9,274,"8",274
642,9,187,"1",187
642,9,187,"12",187
642,9,187,"13",187
642,9,187,"2",187
642,9,187,"3",187
642,9,187,"4",187
642,9,187,"6",187
642,9,187,"7",187
642,9,187,"8",187
642,9,265,"1",265
642,9,215,"1",215
642,9,215,"14",215
642,9,284,"1",284
642,9,284,"10",284
642,9,284,"14",284
642,9,284,"2",284
642,9,284,"4",284
642,9,284,"6",284
642,9,284,"7",284
642,9,284,"8",284
642,9,60,"12",60
642,9,60,"14",60
642,9,60,"3",60
642,9,60,"4",60
642,9,60,"5",60
642,9,60,"7",60
642,9,60,"8",60
642,9,101,"10",101
642,9,101,"11",101
642,9,101,"13",101
642,9,101,"4",101
642,9,101,"7",101
642,9,258,"5",258
642,9,276,"3",276
642,9,276,"4",276
642,9,276,"5",276
642,9,199,"10",199
642,9,199,"12",199
642,9,199,"3",199
642,9,216,"10",216
642,9,216,"12",216
642,9,216,"13",216
642,9,216,"3",216
642,9,216,"6",216
642,9,216,"7",216
642,9,73,"10",73
642,9,73,"14",73
642,9,55,"1",55
642,9,55,"10",55
642,9,55,"12",55
642,9,55,"14",55
642,9,55,"3",55
642,9,55,"4",55
642,9,55,"5",55
642,9,55,"6",55
642,9,55,"7",55
642,9,55,"8",55
642,9,213,"8",213
642,9,44,"1",44
642,9,44,"12",44
642,9,44,"13",44
642,9,44,"2",44
642,9,138,"13",138
642,9,138,"2",138
642,9,138,"3",138
642,9,138,"6",138
642,9,138,"8",138
642,9,92,"1",92
642,9,92,"10",92
642,9,92,"12",92
642,9,92,"13",92
642,9,92,"14",92
642,9,92,"2",92
642,9,92,"3",92
642,9,92,"5",92
642,9,92,"7",92
642,9,92,"8",92
642,9,190,"12",190
642,9,190,"2",190
642,9,111,"12",111
642,9,111,"14",111
642,9,111,"3",111
642,9,111,"4",111
642,9,111,"5",111
642,9,111,"8",111
642,9,163,"1",163
642,9,163,"10",163
642,9,163,"11",163
642,9,163,"14",163
642,9,163,"3",163
642,9,163,"4",163
642,9,163,"5",163
642,9,163,"7",163
642,9,163,"8",163
642,9,95,"5",95
642,9,211,"10",211
642,9,211,"2",211
642,9,211,"8",211
642,9,107,"13",107
642,1,14,"3",14
642,1,14,"4",14
642,1,14,"7",14
642,1,14,"8",14
642,1,15,"2",15
642,1,15,"4",15
642,1,17,"10",17
642,1,17,"11",17
642,1,17,"12",17
642,1,17,"2",17
642,1,17,"3",17
642,1,17,"4",17
642,1,17,"5",17
642,1,17,"6",17
642,1,17,"7",17
642,1,17,"8",17
642,1,17,"9",17
642,1,26,"10",26
642,1,26,"12",26
642,1,26,"2",26
642,1,26,"3",26
642,1,26,"4",26
642,1,26,"5",26
642,1,26,"6",26
642,1,26,"7",26
642,1,26,"8",26
642,1,26,"9",26
642,1,28,"2",28
642,1,3,"2",3
642,1,39,"2",39
642,1,9,"10",9
642,1,9,"11",9
642,1,9,"12",9
642,1,9,"13",9
642,1,9,"14",9
642,1,9,"2",9
642,1,9,"3",9
642,1,9,"4",9
642,1,9,"5",9
642,1,9,"6",9
642,1,9,"7",9
642,1,9,"8",9
642,1,9,"9",9
642,10,1,"11",1
642,10,1,"12",1
642,10,1,"7",1
642,10,1,"8",1
642,10,1,"9",1
642,10,10,"11",10
642,10,10,"12",10
642,10,10,"13",10
642,10,10,"14",10
642,10,10,"7",10
642,10,10,"8",10
642,10,10,"9",10
642,10,12,"12",12
642,10,12,"2",12
642,10,12,"5",12
642,10,12,"6",12
642,10,12,"8",12
642,10,12,"9",12
642,10,13,"7",13
642,10,13,"8",13
642,10,16,"11",16
642,10,16,"12",16
642,10,16,"5",16
642,10,17,"1",17
642,10,17,"11",17
642,10,17,"12",17
642,10,17,"2",17
642,10,17,"3",17
642,10,17,"4",17
642,10,17,"5",17
642,10,17,"6",17
642,10,17,"7",17
642,10,17,"8",17
642,10,17,"9",17
642,10,26,"1",26
642,10,26,"12",26
642,10,26,"2",26
642,10,26,"3",26
642,10,26,"4",26
642,10,26,"5",26
642,10,26,"6",26
642,10,26,"7",26
642,10,26,"8",26
642,10,26,"9",26
642,10,27,"9",27
642,10,31,"11",31
642,10,31,"12",31
642,10,31,"13",31
642,10,31,"14",31
642,10,31,"7",31
642,10,31,"8",31
642,10,31,"9",31
642,10,35,"11",35
642,10,35,"12",35
642,10,35,"13",35
642,10,35,"14",35
642,10,35,"5",35
642,10,35,"6",35
642,10,35,"9",35
642,10,38,"14",38
642,10,38,"5",38
642,10,38,"7",38
642,10,38,"8",38
642,10,38,"9",38
642,10,4,"12",4
642,10,4,"13",4
642,10,4,"14",4
642,10,5,"13",5
642,10,5,"14",5
642,10,5,"9",5
642,10,9,"1",9
642,10,9,"11",9
642,10,9,"12",9
642,10,9,"13",9
642,10,9,"14",9
642,10,9,"2",9
642,10,9,"3",9
642,10,9,"4",9
642,10,9,"5",9
642,10,9,"6",9
642,10,9,"7",9
642,10,9,"8",9
642,10,9,"9",9
642,11,1,"10",1
642,11,1,"12",1
642,11,1,"7",1
642,11,1,"8",1
642,11,1,"9",1
642,11,10,"10",10
642,11,10,"12",10
642,11,10,"13",10
642,11,10,"14",10
642,11,10,"7",10
642,11,10,"8",10
642,11,10,"9",10
642,11,16,"10",16
642,11,16,"12",16
642,11,16,"5",16
642,11,17,"1",17
642,11,17,"10",17
642,11,17,"12",17
642,11,17,"2",17
642,11,17,"3",17
642,11,17,"4",17
642,11,17,"5",17
642,11,17,"6",17
642,11,17,"7",17
642,11,17,"8",17
642,11,17,"9",17
642,11,20,"7",20
642,11,31,"10",31
642,11,31,"12",31
642,11,31,"13",31
642,11,31,"14",31
642,11,31,"7",31
642,11,31,"8",31
642,11,31,"9",31
642,11,33,"12",33
642,11,33,"14",33
642,11,34,"5",34
642,11,34,"6",34
642,11,34,"7",34
642,11,35,"10",35
642,11,35,"12",35
642,11,35,"13",35
642,11,35,"14",35
642,11,35,"5",35
642,11,35,"6",35
642,11,35,"9",35
642,11,9,"1",9
642,11,9,"10",9
642,11,9,"12",9
642,11,9,"13",9
642,11,9,"14",9
642,11,9,"2",9
642,11,9,"3",9
642,11,9,"4",9
642,11,9,"5",9
642,11,9,"6",9
642,11,9,"7",9
642,11,9,"8",9
642,11,9,"9",9
642,12,1,"10",1
642,12,1,"11",1
642,12,1,"7",1
642,12,1,"8",1
642,12,1,"9",1
642,12,10,"10",10
642,12,10,"11",10
642,12,10,"13",10
642,12,10,"14",10
642,12,10,"7",10
642,12,10,"8",10
642,12,10,"9",10
642,12,12,"10",12
642,12,12,"2",12
642,12,12,"5",12
642,12,12,"6",12
642,12,12,"8",12
642,12,12,"9",12
642,12,16,"10",16
642,12,16,"11",16
642,12,16,"5",16
642,12,17,"1",17
642,12,17,"10",17
642,12,17,"11",17
642,12,17,"2",17
642,12,17,"3",17
642,12,17,"4",17
642,12,17,"5",17
642,12,17,"6",17
642,12,17,"7",17
642,12,17,"8",17
642,12,17,"9",17
642,12,26,"1",26
642,12,26,"10",26
642,12,26,"2",26
642,12,26,"3",26
642,12,26,"4",26
642,12,26,"5",26
642,12,26,"6",26
642,12,26,"7",26
642,12,26,"8",26
642,12,26,"9",26
642,12,31,"10",31
642,12,31,"11",31
642,12,31,"13",31
642,12,31,"14",31
642,12,31,"7",31
642,12,31,"8",31
642,12,31,"9",31
642,12,33,"11",33
642,12,33,"14",33
642,12,35,"10",35
642,12,35,"11",35
642,12,35,"13",35
642,12,35,"14",35
642,12,35,"5",35
642,12,35,"6",35
642,12,35,"9",35
642,12,36,"3",36
642,12,4,"10",4
642,12,4,"13",4
642,12,4,"14",4
642,12,9,"1",9
642,12,9,"10",9
642,12,9,"11",9
642,12,9,"13",9
642,12,9,"14",9
642,12,9,"2",9
642,12,9,"3",9
642,12,9,"4",9
642,12,9,"5",9
642,12,9,"6",9
642,12,9,"7",9
642,12,9,"8",9
642,12,9,"9",9
642,13,10,"10",10
642,13,10,"11",10
642,13,10,"12",10
642,13,10,"14",10
642,13,10,"7",10
642,13,10,"8",10
642,13,10,"9",10
642,13,31,"10",31
642,13,31,"11",31
642,13,31,"12",31
642,13,31,"14",31
642,13,31,"7",31
642,13,31,"8",31
642,13,31,"9",31
642,13,35,"10",35
642,13,35,"11",35
642,13,35,"12",35
642,13,35,"14",35
642,13,35,"5",35
642,13,35,"6",35
642,13,35,"9",35
642,13,4,"10",4
642,13,4,"12",4
642,13,4,"14",4
642,13,5,"10",5
642,13,5,"14",5
642,13,5,"9",5
642,13,9,"1",9
642,13,9,"10",9
642,13,9,"11",9
642,13,9,"12",9
642,13,9,"14",9
642,13,9,"2",9
642,13,9,"3",9
642,13,9,"4",9
642,13,9,"5",9
642,13,9,"6",9
642,13,9,"7",9
642,13,9,"8",9
642,13,9,"9",9
642,14,10,"10",10
642,14,10,"11",10
642,14,10,"12",10
642,14,10,"13",10
642,14,10,"7",10
642,14,10,"8",10
642,14,10,"9",10
642,14,31,"10",31
642,14,31,"11",31
642,14,31,"12",31
642,14,31,"13",31
642,14,31,"7",31
642,14,31,"8",31
642,14,31,"9",31
642,14,33,"11",33
642,14,33,"12",33
642,14,35,"10",35
642,14,35,"11",35
642,14,35,"12",35
642,14,35,"13",35
642,14,35,"5",35
642,14,35,"6",35
642,14,35,"9",35
642,14,37,"7",37
642,14,37,"8",37
642,14,38,"10",38
642,14,38,"5",38
642,14,38,"7",38
642,14,38,"8",38
642,14,38,"9",38
642,14,4,"10",4
642,14,4,"12",4
642,14,4,"13",4
642,14,5,"10",5
642,14,5,"13",5
642,14,5,"9",5
642,14,9,"1",9
642,14,9,"10",9
642,14,9,"11",9
642,14,9,"12",9
642,14,9,"13",9
642,14,9,"2",9
642,14,9,"3",9
642,14,9,"4",9
642,14,9,"5",9
642,14,9,"6",9
642,14,9,"7",9
642,14,9,"8",9
642,14,9,"9",9
642,2,12,"10",12
642,2,12,"12",12
642,2,12,"5",12
642,2,12,"6",12
642,2,12,"8",12
642,2,12,"9",12
642,2,15,"1",15
642,2,15,"4",15
642,2,17,"1",17
642,2,17,"10",17
642,2,17,"11",17
642,2,17,"12",17
642,2,17,"3",17
642,2,17,"4",17
642,2,17,"5",17
642,2,17,"6",17
642,2,17,"7",17
642,2,17,"8",17
642,2,17,"9",17
642,2,26,"1",26
642,2,26,"10",26
642,2,26,"12",26
642,2,26,"3",26
642,2,26,"4",26
642,2,26,"5",26
642,2,26,"6",26
642,2,26,"7",26
642,2,26,"8",26
642,2,26,"9",26
642,2,28,"1",28
642,2,3,"1",3
642,2,39,"1",39
642,2,9,"1",9
642,2,9,"10",9
642,2,9,"11",9
642,2,9,"12",9
642,2,9,"13",9
642,2,9,"14",9
642,2,9,"3",9
642,2,9,"4",9
642,2,9,"5",9
642,2,9,"6",9
642,2,9,"7",9
642,2,9,"8",9
642,2,9,"9",9
642,3,14,"1",14
642,3,14,"4",14
642,3,14,"7",14
642,3,14,"8",14
642,3,17,"1",17
642,3,17,"10",17
642,3,17,"11",17
642,3,17,"12",17
642,3,17,"2",17
642,3,17,"4",17
642,3,17,"5",17
642,3,17,"6",17
642,3,17,"7",17
642,3,17,"8",17
642,3,17,"9",17
642,3,26,"1",26
642,3,26,"10",26
642,3,26,"12",26
642,3,26,"2",26
642,3,26,"4",26
642,3,26,"5",26
642,3,26,"6",26
642,3,26,"7",26
642,3,26,"8",26
642,3,26,"9",26
642,3,32,"4",32
642,3,36,"12",36
642,3,9,"1",9
642,3,9,"10",9
642,3,9,"11",9
642,3,9,"12",9
642,3,9,"13",9
642,3,9,"14",9
642,3,9,"2",9
642,3,9,"4",9
642,3,9,"5",9
642,3,9,"6",9
642,3,9,"7",9
642,3,9,"8",9
642,3,9,"9",9
642,4,14,"1",14
642,4,14,"3",14
642,4,14,"7",14
642,4,14,"8",14
642,4,15,"1",15
642,4,15,"2",15
642,4,17,"1",17
642,4,17,"10",17
642,4,17,"11",17
642,4,17,"12",17
642,4,17,"2",17
642,4,17,"3",17
642,4,17,"5",17
642,4,17,"6",17
642,4,17,"7",17
642,4,17,"8",17
642,4,17,"9",17
642,4,26,"1",26
642,4,26,"10",26
642,4,26,"12",26
642,4,26,"2",26
642,4,26,"3",26
642,4,26,"5",26
642,4,26,"6",26
642,4,26,"7",26
642,4,26,"8",26
642,4,26,"9",26
642,4,32,"3",32
642,4,9,"1",9
642,4,9,"10",9
642,4,9,"11",9
642,4,9,"12",9
642,4,9,"13",9
642,4,9,"14",9
642,4,9,"2",9
642,4,9,"3",9
642,4,9,"5",9
642,4,9,"6",9
642,4,9,"7",9
642,4,9,"8",9
642,4,9,"9",9
642,5,11,"6",11
642,5,12,"10",12
642,5,12,"12",12
642,5,12,"2",12
642,5,12,"6",12
642,5,12,"8",12
642,5,12,"9",12
642,5,16,"10",16
642,5,16,"11",16
642,5,16,"12",16
642,5,17,"1",17
642,5,17,"10",17
642,5,17,"11",17
642,5,17,"12",17
642,5,17,"2",17
642,5,17,"3",17
642,5,17,"4",17
642,5,17,"6",17
642,5,17,"7",17
642,5,17,"8",17
642,5,17,"9",17
642,5,26,"1",26
642,5,26,"10",26
642,5,26,"12",26
642,5,26,"2",26
642,5,26,"3",26
642,5,26,"4",26
642,5,26,"6",26
642,5,26,"7",26
642,5,26,"8",26
642,5,26,"9",26
642,5,34,"11",34
642,5,34,"6",34
642,5,34,"7",34
642,5,35,"10",35
642,5,35,"11",35
642,5,35,"12",35
642,5,35,"13",35
642,5,35,"14",35
642,5,35,"6",35
642,5,35,"9",35
642,5,38,"10",38
642,5,38,"14",38
642,5,38,"7",38
642,5,38,"8",38
642,5,38,"9",38
642,5,9,"1",9
642,5,9,"10",9
642,5,9,"11",9
642,5,9,"12",9
642,5,9,"13",9
642,5,9,"14",9
642,5,9,"2",9
642,5,9,"3",9
642,5,9,"4",9
642,5,9,"6",9
642,5,9,"7",9
642,5,9,"8",9
642,5,9,"9",9
642,6,11,"5",11
642,6,12,"10",12
642,6,12,"12",12
642,6,12,"2",12
642,6,12,"5",12
642,6,12,"8",12
642,6,12,"9",12
642,6,17,"1",17
642,6,17,"10",17
642,6,17,"11",17
642,6,17,"12",17
642,6,17,"2",17
642,6,17,"3",17
642,6,17,"4",17
642,6,17,"5",17
642,6,17,"7",17
642,6,17,"8",17
642,6,17,"9",17
642,6,26,"1",26
642,6,26,"10",26
642,6,26,"12",26
642,6,26,"2",26
642,6,26,"3",26
642,6,26,"4",26
642,6,26,"5",26
642,6,26,"7",26
642,6,26,"8",26
642,6,26,"9",26
642,6,34,"11",34
642,6,34,"5",34
642,6,34,"7",34
642,6,35,"10",35
642,6,35,"11",35
642,6,35,"12",35
642,6,35,"13",35
642,6,35,"14",35
642,6,35,"5",35
642,6,35,"9",35
642,6,9,"1",9
642,6,9,"10",9
642,6,9,"11",9
642,6,9,"12",9
642,6,9,"13",9
642,6,9,"14",9
642,6,9,"2",9
642,6,9,"3",9
642,6,9,"4",9
642,6,9,"5",9
642,6,9,"7",9
642,6,9,"8",9
642,6,9,"9",9
642,7,1,"10",1
642,7,1,"11",1
642,7,1,"12",1
642,7,1,"8",1
642,7,1,"9",1
642,7,10,"10",10
642,7,10,"11",10
642,7,10,"12",10
642,7,10,"13",10
642,7,10,"14",10
642,7,10,"8",10
642,7,10,"9",10
642,7,13,"10",13
642,7,13,"8",13
642,7,14,"1",14
642,7,14,"3",14
642,7,14,"4",14
642,7,14,"8",14
642,7,17,"1",17
642,7,17,"10",17
642,7,17,"11",17
642,7,17,"12",17
642,7,17,"2",17
642,7,17,"3",17
642,7,17,"4",17
642,7,17,"5",17
642,7,17,"6",17
642,7,17,"8",17
642,7,17,"9",17
642,7,20,"11",20
642,7,23,"8",23
642,7,26,"1",26
642,7,26,"10",26
642,7,26,"12",26
642,7,26,"2",26
642,7,26,"3",26
642,7,26,"4",26
642,7,26,"5",26
642,7,26,"6",26
642,7,26,"8",26
642,7,26,"9",26
642,7,31,"10",31
642,7,31,"11",31
642,7,31,"12",31
642,7,31,"13",31
642,7,31,"14",31
642,7,31,"8",31
642,7,31,"9",31
642,7,34,"11",34
642,7,34,"5",34
642,7,34,"6",34
642,7,37,"14",37
642,7,37,"8",37
642,7,38,"10",38
642,7,38,"14",38
642,7,38,"5",38
642,7,38,"8",38
642,7,38,"9",38
642,7,9,"1",9
642,7,9,"10",9
642,7,9,"11",9
642,7,9,"12",9
642,7,9,"13",9
642,7,9,"14",9
642,7,9,"2",9
642,7,9,"3",9
642,7,9,"4",9
642,7,9,"5",9
642,7,9,"6",9
642,7,9,"8",9
642,7,9,"9",9
642,8,1,"10",1
642,8,1,"11",1
642,8,1,"12",1
642,8,1,"7",1
642,8,1,"9",1
642,8,10,"10",10
642,8,10,"11",10
642,8,10,"12",10
642,8,10,"13",10
642,8,10,"14",10
642,8,10,"7",10
642,8,10,"9",10
642,8,12,"10",12
642,8,12,"12",12
642,8,12,"2",12
642,8,12,"5",12
642,8,12,"6",12
642,8,12,"9",12
642,8,13,"10",13
642,8,13,"7",13
642,8,14,"1",14
642,8,14,"3",14
642,8,14,"4",14
642,8,14,"7",14
642,8,17,"1",17
642,8,17,"10",17
642,8,17,"11",17
642,8,17,"12",17
642,8,17,"2",17
642,8,17,"3",17
642,8,17,"4",17
642,8,17,"5",17
642,8,17,"6",17
642,8,17,"7",17
642,8,17,"9",17
642,8,23,"7",23
642,8,26,"1",26
642,8,26,"10",26
642,8,26,"12",26
642,8,26,"2",26
642,8,26,"3",26
642,8,26,"4",26
642,8,26,"5",26
642,8,26,"6",26
642,8,26,"7",26
642,8,26,"9",26
642,8,31,"10",31
642,8,31,"11",31
642,8,31,"12",31
642,8,31,"13",31
642,8,31,"14",31
642,8,31,"7",31
642,8,31,"9",31
642,8,37,"14",37
642,8,37,"7",37
642,8,38,"10",38
642,8,38,"14",38
642,8,38,"5",38
642,8,38,"7",38
642,8,38,"9",38
642,8,9,"1",9
642,8,9,"10",9
642,8,9,"11",9
642,8,9,"12",9
642,8,9,"13",9
642,8,9,"14",9
642,8,9,"2",9
642,8,9,"3",9
642,8,9,"4",9
642,8,9,"5",9
642,8,9,"6",9
642,8,9,"7",9
642,8,9,"9",9
642,9,1,"10",1
642,9,1,"11",1
642,9,1,"12",1
642,9,1,"7",1
642,9,1,"8",1
642,9,10,"10",10
642,9,10,"11",10
642,9,10,"12",10
642,9,10,"13",10
642,9,10,"14",10
642,9,10,"7",10
642,9,10,"8",10
642,9,12,"10",12
642,9,12,"12",12
642,9,12,"2",12
642,9,12,"5",12
642,9,12,"6",12
642,9,12,"8",12
642,9,17,"1",17
642,9,17,"10",17
642,9,17,"11",17
642,9,17,"12",17
642,9,17,"2",17
642,9,17,"3",17
642,9,17,"4",17
642,9,17,"5",17
642,9,17,"6",17
642,9,17,"7",17
642,9,17,"8",17
642,9,26,"1",26
642,9,26,"10",26
642,9,26,"12",26
642,9,26,"2",26
642,9,26,"3",26
642,9,26,"4",26
642,9,26,"5",26
642,9,26,"6",26
642,9,26,"7",26
642,9,26,"8",26
642,9,27,"10",27
642,9,31,"10",31
642,9,31,"11",31
642,9,31,"12",31
642,9,31,"13",31
642,9,31,"14",31
642,9,31,"7",31
642,9,31,"8",31
642,9,35,"10",35
642,9,35,"11",35
642,9,35,"12",35
642,9,35,"13",35
642,9,35,"14",35
642,9,35,"5",35
642,9,35,"6",35
642,9,38,"10",38
642,9,38,"14",38
642,9,38,"5",38
642,9,38,"7",38
642,9,38,"8",38
642,9,5,"10",5
642,9,5,"13",5
642,9,5,"14",5
642,9,9,"1",9
642,9,9,"10",9
642,9,9,"11",9
642,9,9,"12",9
642,9,9,"13",9
642,9,9,"14",9
642,9,9,"2",9
642,9,9,"3",9
642,9,9,"4",9
642,9,9,"5",9
642,9,9,"6",9
642,9,9,"7",9
642,9,9,"8",9
