"trial_number","layer_from","node_from","layer_to","node_to"
578,1,258,"2",258
578,1,216,"11",216
578,1,216,"12",216
578,1,216,"2",216
578,1,216,"3",216
578,1,216,"4",216
578,1,216,"8",216
578,1,113,"2",113
578,1,225,"3",225
578,1,225,"4",225
578,1,284,"10",284
578,1,284,"12",284
578,1,284,"2",284
578,1,284,"3",284
578,1,284,"4",284
578,1,284,"6",284
578,1,284,"7",284
578,1,284,"8",284
578,1,54,"2",54
578,1,170,"12",170
578,1,170,"13",170
578,1,170,"14",170
578,1,170,"2",170
578,1,170,"3",170
578,1,170,"4",170
578,1,170,"5",170
578,1,170,"6",170
578,1,170,"7",170
578,1,170,"8",170
578,1,262,"2",262
578,1,99,"4",99
578,1,45,"2",45
578,1,194,"2",194
578,1,242,"10",242
578,1,242,"14",242
578,1,242,"2",242
578,1,242,"3",242
578,1,242,"4",242
578,1,242,"9",242
578,1,104,"9",104
578,1,72,"2",72
578,1,82,"2",82
578,1,86,"2",86
578,1,189,"2",189
578,1,244,"2",244
578,1,160,"2",160
578,1,187,"10",187
578,1,187,"11",187
578,1,187,"12",187
578,1,187,"2",187
578,1,187,"5",187
578,1,187,"6",187
578,1,187,"7",187
578,1,187,"8",187
578,1,187,"9",187
578,1,230,"2",230
578,1,232,"2",232
578,1,273,"2",273
578,1,49,"2",49
578,10,126,"11",126
578,10,126,"13",126
578,10,126,"14",126
578,10,126,"9",126
578,10,137,"8",137
578,10,165,"11",165
578,10,165,"12",165
578,10,165,"13",165
578,10,165,"14",165
578,10,165,"5",165
578,10,165,"6",165
578,10,165,"7",165
578,10,165,"8",165
578,10,165,"9",165
578,10,190,"13",190
578,10,190,"14",190
578,10,241,"7",241
578,10,241,"8",241
578,10,254,"14",254
578,10,254,"8",254
578,10,254,"9",254
578,10,274,"11",274
578,10,274,"12",274
578,10,274,"13",274
578,10,274,"14",274
578,10,274,"3",274
578,10,274,"4",274
578,10,274,"5",274
578,10,274,"6",274
578,10,274,"7",274
578,10,274,"8",274
578,10,274,"9",274
578,10,275,"11",275
578,10,275,"12",275
578,10,275,"13",275
578,10,275,"14",275
578,10,275,"3",275
578,10,275,"4",275
578,10,275,"5",275
578,10,275,"6",275
578,10,275,"7",275
578,10,275,"8",275
578,10,275,"9",275
578,10,278,"9",278
578,10,60,"11",60
578,10,60,"12",60
578,10,60,"5",60
578,10,60,"6",60
578,10,60,"7",60
578,10,60,"8",60
578,10,60,"9",60
578,10,92,"11",92
578,10,92,"12",92
578,10,92,"13",92
578,10,92,"14",92
578,10,92,"3",92
578,10,92,"5",92
578,10,92,"6",92
578,10,92,"7",92
578,10,92,"8",92
578,10,92,"9",92
578,10,138,"11",138
578,10,138,"12",138
578,10,138,"13",138
578,10,138,"14",138
578,10,138,"9",138
578,10,139,"13",139
578,10,139,"5",139
578,10,163,"11",163
578,10,163,"12",163
578,10,163,"13",163
578,10,163,"14",163
578,10,163,"3",163
578,10,163,"5",163
578,10,163,"6",163
578,10,163,"8",163
578,10,163,"9",163
578,10,101,"12",101
578,10,101,"2",101
578,10,101,"3",101
578,10,101,"4",101
578,10,101,"5",101
578,10,101,"8",101
578,10,284,"1",284
578,10,284,"12",284
578,10,284,"2",284
578,10,284,"3",284
578,10,284,"4",284
578,10,284,"6",284
578,10,284,"7",284
578,10,284,"8",284
578,10,166,"9",166
578,10,44,"12",44
578,10,44,"5",44
578,10,44,"6",44
578,10,44,"7",44
578,10,55,"12",55
578,10,55,"13",55
578,10,55,"14",55
578,10,55,"3",55
578,10,55,"4",55
578,10,55,"5",55
578,10,55,"6",55
578,10,55,"7",55
578,10,55,"8",55
578,10,55,"9",55
578,10,56,"12",56
578,10,56,"5",56
578,10,56,"7",56
578,10,266,"7",266
578,10,266,"8",266
578,10,266,"9",266
578,10,109,"8",109
578,10,181,"9",181
578,10,211,"14",211
578,10,211,"6",211
578,10,211,"9",211
578,10,50,"3",50
578,10,50,"4",50
578,10,50,"5",50
578,10,50,"6",50
578,10,50,"7",50
578,10,50,"8",50
578,10,50,"9",50
578,10,112,"6",112
578,10,141,"11",141
578,10,141,"12",141
578,10,141,"13",141
578,10,141,"14",141
578,10,141,"9",141
578,10,187,"1",187
578,10,187,"11",187
578,10,187,"12",187
578,10,187,"2",187
578,10,187,"5",187
578,10,187,"6",187
578,10,187,"7",187
578,10,187,"8",187
578,10,187,"9",187
578,10,193,"14",193
578,10,242,"1",242
578,10,242,"14",242
578,10,242,"2",242
578,10,242,"3",242
578,10,242,"4",242
578,10,242,"9",242
578,10,140,"14",140
578,10,140,"8",140
578,10,276,"5",276
578,10,276,"6",276
578,10,276,"8",276
578,10,217,"5",217
578,10,217,"6",217
578,10,217,"7",217
578,10,217,"8",217
578,10,217,"9",217
578,10,218,"7",218
578,10,96,"14",96
578,10,175,"9",175
578,11,111,"14",111
578,11,111,"3",111
578,11,111,"4",111
578,11,111,"5",111
578,11,111,"6",111
578,11,111,"7",111
578,11,111,"8",111
578,11,165,"10",165
578,11,165,"12",165
578,11,165,"13",165
578,11,165,"14",165
578,11,165,"5",165
578,11,165,"6",165
578,11,165,"7",165
578,11,165,"8",165
578,11,165,"9",165
578,11,192,"12",192
578,11,192,"14",192
578,11,192,"7",192
578,11,192,"8",192
578,11,215,"12",215
578,11,215,"6",215
578,11,255,"12",255
578,11,255,"13",255
578,11,270,"13",270
578,11,270,"6",270
578,11,270,"9",270
578,11,272,"12",272
578,11,274,"10",274
578,11,274,"12",274
578,11,274,"13",274
578,11,274,"14",274
578,11,274,"3",274
578,11,274,"4",274
578,11,274,"5",274
578,11,274,"6",274
578,11,274,"7",274
578,11,274,"8",274
578,11,274,"9",274
578,11,275,"10",275
578,11,275,"12",275
578,11,275,"13",275
578,11,275,"14",275
578,11,275,"3",275
578,11,275,"4",275
578,11,275,"5",275
578,11,275,"6",275
578,11,275,"7",275
578,11,275,"8",275
578,11,275,"9",275
578,11,80,"12",80
578,11,88,"12",88
578,11,92,"10",92
578,11,92,"12",92
578,11,92,"13",92
578,11,92,"14",92
578,11,92,"3",92
578,11,92,"5",92
578,11,92,"6",92
578,11,92,"7",92
578,11,92,"8",92
578,11,92,"9",92
578,11,138,"10",138
578,11,138,"12",138
578,11,138,"13",138
578,11,138,"14",138
578,11,138,"9",138
578,11,187,"1",187
578,11,187,"10",187
578,11,187,"12",187
578,11,187,"2",187
578,11,187,"5",187
578,11,187,"6",187
578,11,187,"7",187
578,11,187,"8",187
578,11,187,"9",187
578,11,197,"12",197
578,11,197,"3",197
578,11,62,"12",62
578,11,62,"7",62
578,11,126,"10",126
578,11,126,"13",126
578,11,126,"14",126
578,11,126,"9",126
578,11,163,"10",163
578,11,163,"12",163
578,11,163,"13",163
578,11,163,"14",163
578,11,163,"3",163
578,11,163,"5",163
578,11,163,"6",163
578,11,163,"8",163
578,11,163,"9",163
578,11,60,"10",60
578,11,60,"12",60
578,11,60,"5",60
578,11,60,"6",60
578,11,60,"7",60
578,11,60,"8",60
578,11,60,"9",60
578,11,207,"14",207
578,11,216,"1",216
578,11,216,"12",216
578,11,216,"2",216
578,11,216,"3",216
578,11,216,"4",216
578,11,216,"8",216
578,11,238,"12",238
578,11,238,"7",238
578,11,238,"8",238
578,11,243,"12",243
578,11,243,"13",243
578,11,243,"8",243
578,11,141,"10",141
578,11,141,"12",141
578,11,141,"13",141
578,11,141,"14",141
578,11,141,"9",141
578,11,219,"4",219
578,12,165,"10",165
578,12,165,"11",165
578,12,165,"13",165
578,12,165,"14",165
578,12,165,"5",165
578,12,165,"6",165
578,12,165,"7",165
578,12,165,"8",165
578,12,165,"9",165
578,12,170,"1",170
578,12,170,"13",170
578,12,170,"14",170
578,12,170,"2",170
578,12,170,"3",170
578,12,170,"4",170
578,12,170,"5",170
578,12,170,"6",170
578,12,170,"7",170
578,12,170,"8",170
578,12,255,"11",255
578,12,255,"13",255
578,12,272,"11",272
578,12,274,"10",274
578,12,274,"11",274
578,12,274,"13",274
578,12,274,"14",274
578,12,274,"3",274
578,12,274,"4",274
578,12,274,"5",274
578,12,274,"6",274
578,12,274,"7",274
578,12,274,"8",274
578,12,274,"9",274
578,12,80,"11",80
578,12,88,"11",88
578,12,101,"10",101
578,12,101,"2",101
578,12,101,"3",101
578,12,101,"4",101
578,12,101,"5",101
578,12,101,"8",101
578,12,163,"10",163
578,12,163,"11",163
578,12,163,"13",163
578,12,163,"14",163
578,12,163,"3",163
578,12,163,"5",163
578,12,163,"6",163
578,12,163,"8",163
578,12,163,"9",163
578,12,187,"1",187
578,12,187,"10",187
578,12,187,"11",187
578,12,187,"2",187
578,12,187,"5",187
578,12,187,"6",187
578,12,187,"7",187
578,12,187,"8",187
578,12,187,"9",187
578,12,238,"11",238
578,12,238,"7",238
578,12,238,"8",238
578,12,92,"10",92
578,12,92,"11",92
578,12,92,"13",92
578,12,92,"14",92
578,12,92,"3",92
578,12,92,"5",92
578,12,92,"6",92
578,12,92,"7",92
578,12,92,"8",92
578,12,92,"9",92
578,12,239,"13",239
578,12,239,"5",239
578,12,239,"6",239
578,12,55,"10",55
578,12,55,"13",55
578,12,55,"14",55
578,12,55,"3",55
578,12,55,"4",55
578,12,55,"5",55
578,12,55,"6",55
578,12,55,"7",55
578,12,55,"8",55
578,12,55,"9",55
578,12,56,"10",56
578,12,56,"5",56
578,12,56,"7",56
578,12,60,"10",60
578,12,60,"11",60
578,12,60,"5",60
578,12,60,"6",60
578,12,60,"7",60
578,12,60,"8",60
578,12,60,"9",60
578,12,275,"10",275
578,12,275,"11",275
578,12,275,"13",275
578,12,275,"14",275
578,12,275,"3",275
578,12,275,"4",275
578,12,275,"5",275
578,12,275,"6",275
578,12,275,"7",275
578,12,275,"8",275
578,12,275,"9",275
578,12,44,"10",44
578,12,44,"5",44
578,12,44,"6",44
578,12,44,"7",44
578,12,138,"10",138
578,12,138,"11",138
578,12,138,"13",138
578,12,138,"14",138
578,12,138,"9",138
578,12,203,"6",203
578,12,215,"11",215
578,12,215,"6",215
578,12,216,"1",216
578,12,216,"11",216
578,12,216,"2",216
578,12,216,"3",216
578,12,216,"4",216
578,12,216,"8",216
578,12,284,"1",284
578,12,284,"10",284
578,12,284,"2",284
578,12,284,"3",284
578,12,284,"4",284
578,12,284,"6",284
578,12,284,"7",284
578,12,284,"8",284
578,12,62,"11",62
578,12,62,"7",62
578,12,84,"4",84
578,12,84,"8",84
578,12,243,"11",243
578,12,243,"13",243
578,12,243,"8",243
578,12,146,"3",146
578,12,192,"11",192
578,12,192,"14",192
578,12,192,"7",192
578,12,192,"8",192
578,12,143,"7",143
578,12,197,"11",197
578,12,197,"3",197
578,12,98,"13",98
578,12,98,"7",98
578,12,141,"10",141
578,12,141,"11",141
578,12,141,"13",141
578,12,141,"14",141
578,12,141,"9",141
578,12,235,"3",235
578,12,235,"4",235
578,12,235,"5",235
578,12,235,"6",235
578,12,235,"7",235
578,12,235,"8",235
578,12,108,"14",108
578,12,133,"13",133
578,13,103,"14",103
578,13,107,"14",107
578,13,115,"14",115
578,13,115,"5",115
578,13,126,"10",126
578,13,126,"11",126
578,13,126,"14",126
578,13,126,"9",126
578,13,136,"5",136
578,13,136,"7",136
578,13,136,"8",136
578,13,138,"10",138
578,13,138,"11",138
578,13,138,"12",138
578,13,138,"14",138
578,13,138,"9",138
578,13,139,"10",139
578,13,139,"5",139
578,13,141,"10",141
578,13,141,"11",141
578,13,141,"12",141
578,13,141,"14",141
578,13,141,"9",141
578,13,163,"10",163
578,13,163,"11",163
578,13,163,"12",163
578,13,163,"14",163
578,13,163,"3",163
578,13,163,"5",163
578,13,163,"6",163
578,13,163,"8",163
578,13,163,"9",163
578,13,165,"10",165
578,13,165,"11",165
578,13,165,"12",165
578,13,165,"14",165
578,13,165,"5",165
578,13,165,"6",165
578,13,165,"7",165
578,13,165,"8",165
578,13,165,"9",165
578,13,170,"1",170
578,13,170,"12",170
578,13,170,"14",170
578,13,170,"2",170
578,13,170,"3",170
578,13,170,"4",170
578,13,170,"5",170
578,13,170,"6",170
578,13,170,"7",170
578,13,170,"8",170
578,13,190,"10",190
578,13,190,"14",190
578,13,239,"12",239
578,13,239,"5",239
578,13,239,"6",239
578,13,255,"11",255
578,13,255,"12",255
578,13,55,"10",55
578,13,55,"12",55
578,13,55,"14",55
578,13,55,"3",55
578,13,55,"4",55
578,13,55,"5",55
578,13,55,"6",55
578,13,55,"7",55
578,13,55,"8",55
578,13,55,"9",55
578,13,92,"10",92
578,13,92,"11",92
578,13,92,"12",92
578,13,92,"14",92
578,13,92,"3",92
578,13,92,"5",92
578,13,92,"6",92
578,13,92,"7",92
578,13,92,"8",92
578,13,92,"9",92
578,13,176,"7",176
578,13,202,"6",202
578,13,243,"11",243
578,13,243,"12",243
578,13,243,"8",243
578,13,275,"10",275
578,13,275,"11",275
578,13,275,"12",275
578,13,275,"14",275
578,13,275,"3",275
578,13,275,"4",275
578,13,275,"5",275
578,13,275,"6",275
578,13,275,"7",275
578,13,275,"8",275
578,13,275,"9",275
578,13,98,"12",98
578,13,98,"7",98
578,13,265,"14",265
578,13,114,"14",114
578,13,133,"12",133
578,13,270,"11",270
578,13,270,"6",270
578,13,270,"9",270
578,13,274,"10",274
578,13,274,"11",274
578,13,274,"12",274
578,13,274,"14",274
578,13,274,"3",274
578,13,274,"4",274
578,13,274,"5",274
578,13,274,"6",274
578,13,274,"7",274
578,13,274,"8",274
578,13,274,"9",274
578,14,103,"13",103
578,14,111,"11",111
578,14,111,"3",111
578,14,111,"4",111
578,14,111,"5",111
578,14,111,"6",111
578,14,111,"7",111
578,14,111,"8",111
578,14,115,"13",115
578,14,115,"5",115
578,14,126,"10",126
578,14,126,"11",126
578,14,126,"13",126
578,14,126,"9",126
578,14,138,"10",138
578,14,138,"11",138
578,14,138,"12",138
578,14,138,"13",138
578,14,138,"9",138
578,14,141,"10",141
578,14,141,"11",141
578,14,141,"12",141
578,14,141,"13",141
578,14,141,"9",141
578,14,163,"10",163
578,14,163,"11",163
578,14,163,"12",163
578,14,163,"13",163
578,14,163,"3",163
578,14,163,"5",163
578,14,163,"6",163
578,14,163,"8",163
578,14,163,"9",163
578,14,165,"10",165
578,14,165,"11",165
578,14,165,"12",165
578,14,165,"13",165
578,14,165,"5",165
578,14,165,"6",165
578,14,165,"7",165
578,14,165,"8",165
578,14,165,"9",165
578,14,170,"1",170
578,14,170,"12",170
578,14,170,"13",170
578,14,170,"2",170
578,14,170,"3",170
578,14,170,"4",170
578,14,170,"5",170
578,14,170,"6",170
578,14,170,"7",170
578,14,170,"8",170
578,14,190,"10",190
578,14,190,"13",190
578,14,207,"11",207
578,14,242,"1",242
578,14,242,"10",242
578,14,242,"2",242
578,14,242,"3",242
578,14,242,"4",242
578,14,242,"9",242
578,14,254,"10",254
578,14,254,"8",254
578,14,254,"9",254
578,14,265,"13",265
578,14,92,"10",92
578,14,92,"11",92
578,14,92,"12",92
578,14,92,"13",92
578,14,92,"3",92
578,14,92,"5",92
578,14,92,"6",92
578,14,92,"7",92
578,14,92,"8",92
578,14,92,"9",92
578,14,96,"10",96
578,14,108,"12",108
578,14,193,"10",193
578,14,192,"11",192
578,14,192,"12",192
578,14,192,"7",192
578,14,192,"8",192
578,14,210,"4",210
578,14,275,"10",275
578,14,275,"11",275
578,14,275,"12",275
578,14,275,"13",275
578,14,275,"3",275
578,14,275,"4",275
578,14,275,"5",275
578,14,275,"6",275
578,14,275,"7",275
578,14,275,"8",275
578,14,275,"9",275
578,14,140,"10",140
578,14,140,"8",140
578,14,226,"7",226
578,14,114,"13",114
578,14,55,"10",55
578,14,55,"12",55
578,14,55,"13",55
578,14,55,"3",55
578,14,55,"4",55
578,14,55,"5",55
578,14,55,"6",55
578,14,55,"7",55
578,14,55,"8",55
578,14,55,"9",55
578,14,211,"10",211
578,14,211,"6",211
578,14,211,"9",211
578,14,107,"13",107
578,14,274,"10",274
578,14,274,"11",274
578,14,274,"12",274
578,14,274,"13",274
578,14,274,"3",274
578,14,274,"4",274
578,14,274,"5",274
578,14,274,"6",274
578,14,274,"7",274
578,14,274,"8",274
578,14,274,"9",274
578,2,45,"1",45
578,2,258,"1",258
578,2,72,"1",72
578,2,160,"1",160
578,2,194,"1",194
578,2,206,"3",206
578,2,242,"1",242
578,2,242,"10",242
578,2,242,"14",242
578,2,242,"3",242
578,2,242,"4",242
578,2,242,"9",242
578,2,284,"1",284
578,2,284,"10",284
578,2,284,"12",284
578,2,284,"3",284
578,2,284,"4",284
578,2,284,"6",284
578,2,284,"7",284
578,2,284,"8",284
578,2,54,"1",54
578,2,244,"1",244
578,2,86,"1",86
578,2,113,"1",113
578,2,170,"1",170
578,2,170,"12",170
578,2,170,"13",170
578,2,170,"14",170
578,2,170,"3",170
578,2,170,"4",170
578,2,170,"5",170
578,2,170,"6",170
578,2,170,"7",170
578,2,170,"8",170
578,2,230,"1",230
578,2,262,"1",262
578,2,216,"1",216
578,2,216,"11",216
578,2,216,"12",216
578,2,216,"3",216
578,2,216,"4",216
578,2,216,"8",216
578,2,82,"1",82
578,2,101,"10",101
578,2,101,"12",101
578,2,101,"3",101
578,2,101,"4",101
578,2,101,"5",101
578,2,101,"8",101
578,2,187,"1",187
578,2,187,"10",187
578,2,187,"11",187
578,2,187,"12",187
578,2,187,"5",187
578,2,187,"6",187
578,2,187,"7",187
578,2,187,"8",187
578,2,187,"9",187
578,2,188,"3",188
578,2,189,"1",189
578,2,212,"7",212
578,2,232,"1",232
578,2,273,"1",273
578,2,49,"1",49
578,3,131,"4",131
578,3,234,"4",234
578,3,275,"10",275
578,3,275,"11",275
578,3,275,"12",275
578,3,275,"13",275
578,3,275,"14",275
578,3,275,"4",275
578,3,275,"5",275
578,3,275,"6",275
578,3,275,"7",275
578,3,275,"8",275
578,3,275,"9",275
578,3,146,"12",146
578,3,163,"10",163
578,3,163,"11",163
578,3,163,"12",163
578,3,163,"13",163
578,3,163,"14",163
578,3,163,"5",163
578,3,163,"6",163
578,3,163,"8",163
578,3,163,"9",163
578,3,170,"1",170
578,3,170,"12",170
578,3,170,"13",170
578,3,170,"14",170
578,3,170,"2",170
578,3,170,"4",170
578,3,170,"5",170
578,3,170,"6",170
578,3,170,"7",170
578,3,170,"8",170
578,3,206,"2",206
578,3,216,"1",216
578,3,216,"11",216
578,3,216,"12",216
578,3,216,"2",216
578,3,216,"4",216
578,3,216,"8",216
578,3,225,"1",225
578,3,225,"4",225
578,3,236,"4",236
578,3,242,"1",242
578,3,242,"10",242
578,3,242,"14",242
578,3,242,"2",242
578,3,242,"4",242
578,3,242,"9",242
578,3,284,"1",284
578,3,284,"10",284
578,3,284,"12",284
578,3,284,"2",284
578,3,284,"4",284
578,3,284,"6",284
578,3,284,"7",284
578,3,284,"8",284
578,3,50,"10",50
578,3,50,"4",50
578,3,50,"5",50
578,3,50,"6",50
578,3,50,"7",50
578,3,50,"8",50
578,3,50,"9",50
578,3,55,"10",55
578,3,55,"12",55
578,3,55,"13",55
578,3,55,"14",55
578,3,55,"4",55
578,3,55,"5",55
578,3,55,"6",55
578,3,55,"7",55
578,3,55,"8",55
578,3,55,"9",55
578,3,59,"4",59
578,3,77,"4",77
578,3,81,"4",81
578,3,81,"9",81
578,3,89,"4",89
578,3,91,"4",91
578,3,95,"5",95
578,3,274,"10",274
578,3,274,"11",274
578,3,274,"12",274
578,3,274,"13",274
578,3,274,"14",274
578,3,274,"4",274
578,3,274,"5",274
578,3,274,"6",274
578,3,274,"7",274
578,3,274,"8",274
578,3,274,"9",274
578,3,92,"10",92
578,3,92,"11",92
578,3,92,"12",92
578,3,92,"13",92
578,3,92,"14",92
578,3,92,"5",92
578,3,92,"6",92
578,3,92,"7",92
578,3,92,"8",92
578,3,92,"9",92
578,3,264,"4",264
578,3,101,"10",101
578,3,101,"12",101
578,3,101,"2",101
578,3,101,"4",101
578,3,101,"5",101
578,3,101,"8",101
578,3,111,"11",111
578,3,111,"14",111
578,3,111,"4",111
578,3,111,"5",111
578,3,111,"6",111
578,3,111,"7",111
578,3,111,"8",111
578,3,188,"2",188
578,3,106,"6",106
578,3,197,"11",197
578,3,197,"12",197
578,3,235,"12",235
578,3,235,"4",235
578,3,235,"5",235
578,3,235,"6",235
578,3,235,"7",235
578,3,235,"8",235
578,4,145,"7",145
578,4,275,"10",275
578,4,275,"11",275
578,4,275,"12",275
578,4,275,"13",275
578,4,275,"14",275
578,4,275,"3",275
578,4,275,"5",275
578,4,275,"6",275
578,4,275,"7",275
578,4,275,"8",275
578,4,275,"9",275
578,4,111,"11",111
578,4,111,"14",111
578,4,111,"3",111
578,4,111,"5",111
578,4,111,"6",111
578,4,111,"7",111
578,4,111,"8",111
578,4,170,"1",170
578,4,170,"12",170
578,4,170,"13",170
578,4,170,"14",170
578,4,170,"2",170
578,4,170,"3",170
578,4,170,"5",170
578,4,170,"6",170
578,4,170,"7",170
578,4,170,"8",170
578,4,225,"1",225
578,4,225,"3",225
578,4,234,"3",234
578,4,236,"3",236
578,4,242,"1",242
578,4,242,"10",242
578,4,242,"14",242
578,4,242,"2",242
578,4,242,"3",242
578,4,242,"9",242
578,4,284,"1",284
578,4,284,"10",284
578,4,284,"12",284
578,4,284,"2",284
578,4,284,"3",284
578,4,284,"6",284
578,4,284,"7",284
578,4,284,"8",284
578,4,55,"10",55
578,4,55,"12",55
578,4,55,"13",55
578,4,55,"14",55
578,4,55,"3",55
578,4,55,"5",55
578,4,55,"6",55
578,4,55,"7",55
578,4,55,"8",55
578,4,55,"9",55
578,4,89,"3",89
578,4,99,"1",99
578,4,77,"3",77
578,4,91,"3",91
578,4,131,"3",131
578,4,274,"10",274
578,4,274,"11",274
578,4,274,"12",274
578,4,274,"13",274
578,4,274,"14",274
578,4,274,"3",274
578,4,274,"5",274
578,4,274,"6",274
578,4,274,"7",274
578,4,274,"8",274
578,4,274,"9",274
578,4,81,"3",81
578,4,81,"9",81
578,4,101,"10",101
578,4,101,"12",101
578,4,101,"2",101
578,4,101,"3",101
578,4,101,"5",101
578,4,101,"8",101
578,4,216,"1",216
578,4,216,"11",216
578,4,216,"12",216
578,4,216,"2",216
578,4,216,"3",216
578,4,216,"8",216
578,4,235,"12",235
578,4,235,"3",235
578,4,235,"5",235
578,4,235,"6",235
578,4,235,"7",235
578,4,235,"8",235
578,4,59,"3",59
578,4,84,"12",84
578,4,84,"8",84
578,4,210,"14",210
578,4,219,"11",219
578,4,264,"3",264
578,4,50,"10",50
578,4,50,"3",50
578,4,50,"5",50
578,4,50,"6",50
578,4,50,"7",50
578,4,50,"8",50
578,4,50,"9",50
578,5,111,"11",111
578,5,111,"14",111
578,5,111,"3",111
578,5,111,"4",111
578,5,111,"6",111
578,5,111,"7",111
578,5,111,"8",111
578,5,115,"13",115
578,5,115,"14",115
578,5,136,"13",136
578,5,136,"7",136
578,5,136,"8",136
578,5,139,"10",139
578,5,139,"13",139
578,5,159,"6",159
578,5,165,"10",165
578,5,165,"11",165
578,5,165,"12",165
578,5,165,"13",165
578,5,165,"14",165
578,5,165,"6",165
578,5,165,"7",165
578,5,165,"8",165
578,5,165,"9",165
578,5,170,"1",170
578,5,170,"12",170
578,5,170,"13",170
578,5,170,"14",170
578,5,170,"2",170
578,5,170,"3",170
578,5,170,"4",170
578,5,170,"6",170
578,5,170,"7",170
578,5,170,"8",170
578,5,187,"1",187
578,5,187,"10",187
578,5,187,"11",187
578,5,187,"12",187
578,5,187,"2",187
578,5,187,"6",187
578,5,187,"7",187
578,5,187,"8",187
578,5,187,"9",187
578,5,199,"6",199
578,5,199,"7",199
578,5,199,"8",199
578,5,239,"12",239
578,5,239,"13",239
578,5,239,"6",239
578,5,50,"10",50
578,5,50,"3",50
578,5,50,"4",50
578,5,50,"6",50
578,5,50,"7",50
578,5,50,"8",50
578,5,50,"9",50
578,5,52,"6",52
578,5,55,"10",55
578,5,55,"12",55
578,5,55,"13",55
578,5,55,"14",55
578,5,55,"3",55
578,5,55,"4",55
578,5,55,"6",55
578,5,55,"7",55
578,5,55,"8",55
578,5,55,"9",55
578,5,76,"6",76
578,5,92,"10",92
578,5,92,"11",92
578,5,92,"12",92
578,5,92,"13",92
578,5,92,"14",92
578,5,92,"3",92
578,5,92,"6",92
578,5,92,"7",92
578,5,92,"8",92
578,5,92,"9",92
578,5,163,"10",163
578,5,163,"11",163
578,5,163,"12",163
578,5,163,"13",163
578,5,163,"14",163
578,5,163,"3",163
578,5,163,"6",163
578,5,163,"8",163
578,5,163,"9",163
578,5,275,"10",275
578,5,275,"11",275
578,5,275,"12",275
578,5,275,"13",275
578,5,275,"14",275
578,5,275,"3",275
578,5,275,"4",275
578,5,275,"6",275
578,5,275,"7",275
578,5,275,"8",275
578,5,275,"9",275
578,5,217,"10",217
578,5,217,"6",217
578,5,217,"7",217
578,5,217,"8",217
578,5,217,"9",217
578,5,73,"7",73
578,5,73,"8",73
578,5,44,"10",44
578,5,44,"12",44
578,5,44,"6",44
578,5,44,"7",44
578,5,56,"10",56
578,5,56,"12",56
578,5,56,"7",56
578,5,60,"10",60
578,5,60,"11",60
578,5,60,"12",60
578,5,60,"6",60
578,5,60,"7",60
578,5,60,"8",60
578,5,60,"9",60
578,5,274,"10",274
578,5,274,"11",274
578,5,274,"12",274
578,5,274,"13",274
578,5,274,"14",274
578,5,274,"3",274
578,5,274,"4",274
578,5,274,"6",274
578,5,274,"7",274
578,5,274,"8",274
578,5,274,"9",274
578,5,276,"10",276
578,5,276,"6",276
578,5,276,"8",276
578,5,95,"3",95
578,5,101,"10",101
578,5,101,"12",101
578,5,101,"2",101
578,5,101,"3",101
578,5,101,"4",101
578,5,101,"8",101
578,5,235,"12",235
578,5,235,"3",235
578,5,235,"4",235
578,5,235,"6",235
578,5,235,"7",235
578,5,235,"8",235
578,6,159,"5",159
578,6,165,"10",165
578,6,165,"11",165
578,6,165,"12",165
578,6,165,"13",165
578,6,165,"14",165
578,6,165,"5",165
578,6,165,"7",165
578,6,165,"8",165
578,6,165,"9",165
578,6,235,"12",235
578,6,235,"3",235
578,6,235,"4",235
578,6,235,"5",235
578,6,235,"7",235
578,6,235,"8",235
578,6,239,"12",239
578,6,239,"13",239
578,6,239,"5",239
578,6,41,"7",41
578,6,41,"8",41
578,6,50,"10",50
578,6,50,"3",50
578,6,50,"4",50
578,6,50,"5",50
578,6,50,"7",50
578,6,50,"8",50
578,6,50,"9",50
578,6,92,"10",92
578,6,92,"11",92
578,6,92,"12",92
578,6,92,"13",92
578,6,92,"14",92
578,6,92,"3",92
578,6,92,"5",92
578,6,92,"7",92
578,6,92,"8",92
578,6,92,"9",92
578,6,163,"10",163
578,6,163,"11",163
578,6,163,"12",163
578,6,163,"13",163
578,6,163,"14",163
578,6,163,"3",163
578,6,163,"5",163
578,6,163,"8",163
578,6,163,"9",163
578,6,275,"10",275
578,6,275,"11",275
578,6,275,"12",275
578,6,275,"13",275
578,6,275,"14",275
578,6,275,"3",275
578,6,275,"4",275
578,6,275,"5",275
578,6,275,"7",275
578,6,275,"8",275
578,6,275,"9",275
578,6,52,"5",52
578,6,76,"5",76
578,6,130,"7",130
578,6,130,"8",130
578,6,203,"12",203
578,6,215,"11",215
578,6,215,"12",215
578,6,284,"1",284
578,6,284,"10",284
578,6,284,"12",284
578,6,284,"2",284
578,6,284,"3",284
578,6,284,"4",284
578,6,284,"7",284
578,6,284,"8",284
578,6,60,"10",60
578,6,60,"11",60
578,6,60,"12",60
578,6,60,"5",60
578,6,60,"7",60
578,6,60,"8",60
578,6,60,"9",60
578,6,55,"10",55
578,6,55,"12",55
578,6,55,"13",55
578,6,55,"14",55
578,6,55,"3",55
578,6,55,"4",55
578,6,55,"5",55
578,6,55,"7",55
578,6,55,"8",55
578,6,55,"9",55
578,6,202,"13",202
578,6,217,"10",217
578,6,217,"5",217
578,6,217,"7",217
578,6,217,"8",217
578,6,217,"9",217
578,6,44,"10",44
578,6,44,"12",44
578,6,44,"5",44
578,6,44,"7",44
578,6,211,"10",211
578,6,211,"14",211
578,6,211,"9",211
578,6,270,"11",270
578,6,270,"13",270
578,6,270,"9",270
578,6,112,"10",112
578,6,170,"1",170
578,6,170,"12",170
578,6,170,"13",170
578,6,170,"14",170
578,6,170,"2",170
578,6,170,"3",170
578,6,170,"4",170
578,6,170,"5",170
578,6,170,"7",170
578,6,170,"8",170
578,6,187,"1",187
578,6,187,"10",187
578,6,187,"11",187
578,6,187,"12",187
578,6,187,"2",187
578,6,187,"5",187
578,6,187,"7",187
578,6,187,"8",187
578,6,187,"9",187
578,6,199,"5",199
578,6,199,"7",199
578,6,199,"8",199
578,6,106,"3",106
578,6,111,"11",111
578,6,111,"14",111
578,6,111,"3",111
578,6,111,"4",111
578,6,111,"5",111
578,6,111,"7",111
578,6,111,"8",111
578,6,274,"10",274
578,6,274,"11",274
578,6,274,"12",274
578,6,274,"13",274
578,6,274,"14",274
578,6,274,"3",274
578,6,274,"4",274
578,6,274,"5",274
578,6,274,"7",274
578,6,274,"8",274
578,6,274,"9",274
578,6,276,"10",276
578,6,276,"5",276
578,6,276,"8",276
578,7,199,"5",199
578,7,199,"6",199
578,7,199,"8",199
578,7,226,"14",226
578,7,241,"10",241
578,7,241,"8",241
578,7,274,"10",274
578,7,274,"11",274
578,7,274,"12",274
578,7,274,"13",274
578,7,274,"14",274
578,7,274,"3",274
578,7,274,"4",274
578,7,274,"5",274
578,7,274,"6",274
578,7,274,"8",274
578,7,274,"9",274
578,7,136,"13",136
578,7,136,"5",136
578,7,136,"8",136
578,7,176,"13",176
578,7,213,"8",213
578,7,253,"8",253
578,7,50,"10",50
578,7,50,"3",50
578,7,50,"4",50
578,7,50,"5",50
578,7,50,"6",50
578,7,50,"8",50
578,7,50,"9",50
578,7,60,"10",60
578,7,60,"11",60
578,7,60,"12",60
578,7,60,"5",60
578,7,60,"6",60
578,7,60,"8",60
578,7,60,"9",60
578,7,92,"10",92
578,7,92,"11",92
578,7,92,"12",92
578,7,92,"13",92
578,7,92,"14",92
578,7,92,"3",92
578,7,92,"5",92
578,7,92,"6",92
578,7,92,"8",92
578,7,92,"9",92
578,7,217,"10",217
578,7,217,"5",217
578,7,217,"6",217
578,7,217,"8",217
578,7,217,"9",217
578,7,266,"10",266
578,7,266,"8",266
578,7,266,"9",266
578,7,275,"10",275
578,7,275,"11",275
578,7,275,"12",275
578,7,275,"13",275
578,7,275,"14",275
578,7,275,"3",275
578,7,275,"4",275
578,7,275,"5",275
578,7,275,"6",275
578,7,275,"8",275
578,7,275,"9",275
578,7,143,"12",143
578,7,145,"4",145
578,7,165,"10",165
578,7,165,"11",165
578,7,165,"12",165
578,7,165,"13",165
578,7,165,"14",165
578,7,165,"5",165
578,7,165,"6",165
578,7,165,"8",165
578,7,165,"9",165
578,7,284,"1",284
578,7,284,"10",284
578,7,284,"12",284
578,7,284,"2",284
578,7,284,"3",284
578,7,284,"4",284
578,7,284,"6",284
578,7,284,"8",284
578,7,73,"5",73
578,7,73,"8",73
578,7,98,"12",98
578,7,98,"13",98
578,7,44,"10",44
578,7,44,"12",44
578,7,44,"5",44
578,7,44,"6",44
578,7,56,"10",56
578,7,56,"12",56
578,7,56,"5",56
578,7,55,"10",55
578,7,55,"12",55
578,7,55,"13",55
578,7,55,"14",55
578,7,55,"3",55
578,7,55,"4",55
578,7,55,"5",55
578,7,55,"6",55
578,7,55,"8",55
578,7,55,"9",55
578,7,111,"11",111
578,7,111,"14",111
578,7,111,"3",111
578,7,111,"4",111
578,7,111,"5",111
578,7,111,"6",111
578,7,111,"8",111
578,7,170,"1",170
578,7,170,"12",170
578,7,170,"13",170
578,7,170,"14",170
578,7,170,"2",170
578,7,170,"3",170
578,7,170,"4",170
578,7,170,"5",170
578,7,170,"6",170
578,7,170,"8",170
578,7,187,"1",187
578,7,187,"10",187
578,7,187,"11",187
578,7,187,"12",187
578,7,187,"2",187
578,7,187,"5",187
578,7,187,"6",187
578,7,187,"8",187
578,7,187,"9",187
578,7,212,"2",212
578,7,235,"12",235
578,7,235,"3",235
578,7,235,"4",235
578,7,235,"5",235
578,7,235,"6",235
578,7,235,"8",235
578,7,238,"11",238
578,7,238,"12",238
578,7,238,"8",238
578,7,62,"11",62
578,7,62,"12",62
578,7,192,"11",192
578,7,192,"12",192
578,7,192,"14",192
578,7,192,"8",192
578,7,218,"10",218
578,7,41,"6",41
578,7,41,"8",41
578,7,130,"6",130
578,7,130,"8",130
578,7,87,"9",87
578,8,135,"9",135
578,8,163,"10",163
578,8,163,"11",163
578,8,163,"12",163
578,8,163,"13",163
578,8,163,"14",163
578,8,163,"3",163
578,8,163,"5",163
578,8,163,"6",163
578,8,163,"9",163
578,8,192,"11",192
578,8,192,"12",192
578,8,192,"14",192
578,8,192,"7",192
578,8,199,"5",199
578,8,199,"6",199
578,8,199,"7",199
578,8,217,"10",217
578,8,217,"5",217
578,8,217,"6",217
578,8,217,"7",217
578,8,217,"9",217
578,8,227,"9",227
578,8,254,"10",254
578,8,254,"14",254
578,8,254,"9",254
578,8,266,"10",266
578,8,266,"7",266
578,8,266,"9",266
578,8,274,"10",274
578,8,274,"11",274
578,8,274,"12",274
578,8,274,"13",274
578,8,274,"14",274
578,8,274,"3",274
578,8,274,"4",274
578,8,274,"5",274
578,8,274,"6",274
578,8,274,"7",274
578,8,274,"9",274
578,8,275,"10",275
578,8,275,"11",275
578,8,275,"12",275
578,8,275,"13",275
578,8,275,"14",275
578,8,275,"3",275
578,8,275,"4",275
578,8,275,"5",275
578,8,275,"6",275
578,8,275,"7",275
578,8,275,"9",275
578,8,276,"10",276
578,8,276,"5",276
578,8,276,"6",276
578,8,50,"10",50
578,8,50,"3",50
578,8,50,"4",50
578,8,50,"5",50
578,8,50,"6",50
578,8,50,"7",50
578,8,50,"9",50
578,8,73,"5",73
578,8,73,"7",73
578,8,101,"10",101
578,8,101,"12",101
578,8,101,"2",101
578,8,101,"3",101
578,8,101,"4",101
578,8,101,"5",101
578,8,136,"13",136
578,8,136,"5",136
578,8,136,"7",136
578,8,137,"10",137
578,8,170,"1",170
578,8,170,"12",170
578,8,170,"13",170
578,8,170,"14",170
578,8,170,"2",170
578,8,170,"3",170
578,8,170,"4",170
578,8,170,"5",170
578,8,170,"6",170
578,8,170,"7",170
578,8,187,"1",187
578,8,187,"10",187
578,8,187,"11",187
578,8,187,"12",187
578,8,187,"2",187
578,8,187,"5",187
578,8,187,"6",187
578,8,187,"7",187
578,8,187,"9",187
578,8,213,"7",213
578,8,243,"11",243
578,8,243,"12",243
578,8,243,"13",243
578,8,253,"7",253
578,8,60,"10",60
578,8,60,"11",60
578,8,60,"12",60
578,8,60,"5",60
578,8,60,"6",60
578,8,60,"7",60
578,8,60,"9",60
578,8,84,"12",84
578,8,84,"4",84
578,8,92,"10",92
578,8,92,"11",92
578,8,92,"12",92
578,8,92,"13",92
578,8,92,"14",92
578,8,92,"3",92
578,8,92,"5",92
578,8,92,"6",92
578,8,92,"7",92
578,8,92,"9",92
578,8,130,"6",130
578,8,130,"7",130
578,8,140,"10",140
578,8,140,"14",140
578,8,165,"10",165
578,8,165,"11",165
578,8,165,"12",165
578,8,165,"13",165
578,8,165,"14",165
578,8,165,"5",165
578,8,165,"6",165
578,8,165,"7",165
578,8,165,"9",165
578,8,284,"1",284
578,8,284,"10",284
578,8,284,"12",284
578,8,284,"2",284
578,8,284,"3",284
578,8,284,"4",284
578,8,284,"6",284
578,8,284,"7",284
578,8,55,"10",55
578,8,55,"12",55
578,8,55,"13",55
578,8,55,"14",55
578,8,55,"3",55
578,8,55,"4",55
578,8,55,"5",55
578,8,55,"6",55
578,8,55,"7",55
578,8,55,"9",55
578,8,109,"10",109
578,8,111,"11",111
578,8,111,"14",111
578,8,111,"3",111
578,8,111,"4",111
578,8,111,"5",111
578,8,111,"6",111
578,8,111,"7",111
578,8,235,"12",235
578,8,235,"3",235
578,8,235,"4",235
578,8,235,"5",235
578,8,235,"6",235
578,8,235,"7",235
578,8,238,"11",238
578,8,238,"12",238
578,8,238,"7",238
578,8,241,"10",241
578,8,241,"7",241
578,8,216,"1",216
578,8,216,"11",216
578,8,216,"12",216
578,8,216,"2",216
578,8,216,"3",216
578,8,216,"4",216
578,8,167,"9",167
578,8,41,"6",41
578,8,41,"7",41
578,9,126,"10",126
578,9,126,"11",126
578,9,126,"13",126
578,9,126,"14",126
578,9,135,"8",135
578,9,165,"10",165
578,9,165,"11",165
578,9,165,"12",165
578,9,165,"13",165
578,9,165,"14",165
578,9,165,"5",165
578,9,165,"6",165
578,9,165,"7",165
578,9,165,"8",165
578,9,166,"10",166
578,9,181,"10",181
578,9,227,"8",227
578,9,254,"10",254
578,9,254,"14",254
578,9,254,"8",254
578,9,274,"10",274
578,9,274,"11",274
578,9,274,"12",274
578,9,274,"13",274
578,9,274,"14",274
578,9,274,"3",274
578,9,274,"4",274
578,9,274,"5",274
578,9,274,"6",274
578,9,274,"7",274
578,9,274,"8",274
578,9,275,"10",275
578,9,275,"11",275
578,9,275,"12",275
578,9,275,"13",275
578,9,275,"14",275
578,9,275,"3",275
578,9,275,"4",275
578,9,275,"5",275
578,9,275,"6",275
578,9,275,"7",275
578,9,275,"8",275
578,9,278,"10",278
578,9,81,"3",81
578,9,81,"4",81
578,9,92,"10",92
578,9,92,"11",92
578,9,92,"12",92
578,9,92,"13",92
578,9,92,"14",92
578,9,92,"3",92
578,9,92,"5",92
578,9,92,"6",92
578,9,92,"7",92
578,9,92,"8",92
578,9,163,"10",163
578,9,163,"11",163
578,9,163,"12",163
578,9,163,"13",163
578,9,163,"14",163
578,9,163,"3",163
578,9,163,"5",163
578,9,163,"6",163
578,9,163,"8",163
578,9,50,"10",50
578,9,50,"3",50
578,9,50,"4",50
578,9,50,"5",50
578,9,50,"6",50
578,9,50,"7",50
578,9,50,"8",50
578,9,55,"10",55
578,9,55,"12",55
578,9,55,"13",55
578,9,55,"14",55
578,9,55,"3",55
578,9,55,"4",55
578,9,55,"5",55
578,9,55,"6",55
578,9,55,"7",55
578,9,55,"8",55
578,9,138,"10",138
578,9,138,"11",138
578,9,138,"12",138
578,9,138,"13",138
578,9,138,"14",138
578,9,187,"1",187
578,9,187,"10",187
578,9,187,"11",187
578,9,187,"12",187
578,9,187,"2",187
578,9,187,"5",187
578,9,187,"6",187
578,9,187,"7",187
578,9,187,"8",187
578,9,242,"1",242
578,9,242,"10",242
578,9,242,"14",242
578,9,242,"2",242
578,9,242,"3",242
578,9,242,"4",242
578,9,60,"10",60
578,9,60,"11",60
578,9,60,"12",60
578,9,60,"5",60
578,9,60,"6",60
578,9,60,"7",60
578,9,60,"8",60
578,9,175,"10",175
578,9,167,"8",167
578,9,211,"10",211
578,9,211,"14",211
578,9,211,"6",211
578,9,217,"10",217
578,9,217,"5",217
578,9,217,"6",217
578,9,217,"7",217
578,9,217,"8",217
578,9,141,"10",141
578,9,141,"11",141
578,9,141,"12",141
578,9,141,"13",141
578,9,141,"14",141
578,9,266,"10",266
578,9,266,"7",266
578,9,266,"8",266
578,9,104,"1",104
578,9,270,"11",270
578,9,270,"13",270
578,9,270,"6",270
578,9,87,"7",87
578,1,31,"10",31
578,1,31,"11",31
578,1,31,"14",31
578,1,31,"2",31
578,1,31,"4",31
578,1,31,"5",31
578,1,31,"9",31
578,1,1,"12",1
578,1,1,"4",1
578,1,1,"7",1
578,1,1,"8",1
578,1,1,"9",1
578,1,17,"10",17
578,1,17,"11",17
578,1,17,"12",17
578,1,17,"13",17
578,1,17,"14",17
578,1,17,"3",17
578,1,17,"4",17
578,1,17,"6",17
578,1,17,"7",17
578,1,17,"8",17
578,1,17,"9",17
578,1,26,"10",26
578,1,26,"11",26
578,1,26,"12",26
578,1,26,"13",26
578,1,26,"2",26
578,1,26,"5",26
578,1,26,"6",26
578,1,26,"7",26
578,1,26,"8",26
578,1,26,"9",26
578,1,36,"7",36
578,1,5,"10",5
578,1,5,"12",5
578,1,5,"7",5
578,1,4,"5",4
578,1,4,"7",4
578,1,4,"8",4
578,1,38,"12",38
578,1,38,"3",38
578,1,38,"5",38
578,1,38,"8",38
578,1,38,"9",38
578,1,8,"10",8
578,1,8,"11",8
578,1,8,"12",8
578,1,8,"13",8
578,1,8,"14",8
578,1,8,"2",8
578,1,8,"3",8
578,1,8,"4",8
578,1,8,"5",8
578,1,8,"6",8
578,1,8,"7",8
578,1,8,"8",8
578,1,8,"9",8
578,1,9,"10",9
578,1,9,"11",9
578,1,9,"12",9
578,1,9,"13",9
578,1,9,"14",9
578,1,9,"2",9
578,1,9,"3",9
578,1,9,"4",9
578,1,9,"5",9
578,1,9,"6",9
578,1,9,"7",9
578,1,9,"8",9
578,1,9,"9",9
578,10,12,"12",12
578,10,12,"13",12
578,10,12,"14",12
578,10,12,"3",12
578,10,12,"5",12
578,10,12,"8",12
578,10,33,"2",33
578,10,33,"9",33
578,10,13,"7",13
578,10,13,"9",13
578,10,26,"1",26
578,10,26,"11",26
578,10,26,"12",26
578,10,26,"13",26
578,10,26,"2",26
578,10,26,"5",26
578,10,26,"6",26
578,10,26,"7",26
578,10,26,"8",26
578,10,26,"9",26
578,10,34,"14",34
578,10,34,"3",34
578,10,34,"7",34
578,10,39,"2",39
578,10,14,"11",14
578,10,14,"5",14
578,10,14,"6",14
578,10,14,"8",14
578,10,31,"1",31
578,10,31,"11",31
578,10,31,"14",31
578,10,31,"2",31
578,10,31,"4",31
578,10,31,"5",31
578,10,31,"9",31
578,10,5,"1",5
578,10,5,"12",5
578,10,5,"7",5
578,10,10,"11",10
578,10,10,"12",10
578,10,10,"13",10
578,10,10,"14",10
578,10,10,"2",10
578,10,10,"7",10
578,10,10,"9",10
578,10,17,"1",17
578,10,17,"11",17
578,10,17,"12",17
578,10,17,"13",17
578,10,17,"14",17
578,10,17,"3",17
578,10,17,"4",17
578,10,17,"6",17
578,10,17,"7",17
578,10,17,"8",17
578,10,17,"9",17
578,10,20,"12",20
578,10,35,"11",35
578,10,35,"14",35
578,10,35,"2",35
578,10,35,"3",35
578,10,35,"4",35
578,10,35,"6",35
578,10,35,"8",35
578,10,8,"1",8
578,10,8,"11",8
578,10,8,"12",8
578,10,8,"13",8
578,10,8,"14",8
578,10,8,"2",8
578,10,8,"3",8
578,10,8,"4",8
578,10,8,"5",8
578,10,8,"6",8
578,10,8,"7",8
578,10,8,"8",8
578,10,8,"9",8
578,10,9,"1",9
578,10,9,"11",9
578,10,9,"12",9
578,10,9,"13",9
578,10,9,"14",9
578,10,9,"2",9
578,10,9,"3",9
578,10,9,"4",9
578,10,9,"5",9
578,10,9,"6",9
578,10,9,"7",9
578,10,9,"8",9
578,10,9,"9",9
578,11,10,"10",10
578,11,10,"12",10
578,11,10,"13",10
578,11,10,"14",10
578,11,10,"2",10
578,11,10,"7",10
578,11,10,"9",10
578,11,26,"1",26
578,11,26,"10",26
578,11,26,"12",26
578,11,26,"13",26
578,11,26,"2",26
578,11,26,"5",26
578,11,26,"6",26
578,11,26,"7",26
578,11,26,"8",26
578,11,26,"9",26
578,11,17,"1",17
578,11,17,"10",17
578,11,17,"12",17
578,11,17,"13",17
578,11,17,"14",17
578,11,17,"3",17
578,11,17,"4",17
578,11,17,"6",17
578,11,17,"7",17
578,11,17,"8",17
578,11,17,"9",17
578,11,3,"6",3
578,11,31,"1",31
578,11,31,"10",31
578,11,31,"14",31
578,11,31,"2",31
578,11,31,"4",31
578,11,31,"5",31
578,11,31,"9",31
578,11,35,"10",35
578,11,35,"14",35
578,11,35,"2",35
578,11,35,"3",35
578,11,35,"4",35
578,11,35,"6",35
578,11,35,"8",35
578,11,27,"13",27
578,11,14,"10",14
578,11,14,"5",14
578,11,14,"6",14
578,11,14,"8",14
578,11,8,"1",8
578,11,8,"10",8
578,11,8,"12",8
578,11,8,"13",8
578,11,8,"14",8
578,11,8,"2",8
578,11,8,"3",8
578,11,8,"4",8
578,11,8,"5",8
578,11,8,"6",8
578,11,8,"7",8
578,11,8,"8",8
578,11,8,"9",8
578,11,9,"1",9
578,11,9,"10",9
578,11,9,"12",9
578,11,9,"13",9
578,11,9,"14",9
578,11,9,"2",9
578,11,9,"3",9
578,11,9,"4",9
578,11,9,"5",9
578,11,9,"6",9
578,11,9,"7",9
578,11,9,"8",9
578,11,9,"9",9
578,12,1,"1",1
578,12,1,"4",1
578,12,1,"7",1
578,12,1,"8",1
578,12,1,"9",1
578,12,20,"10",20
578,12,5,"1",5
578,12,5,"10",5
578,12,5,"7",5
578,12,37,"2",37
578,12,37,"9",37
578,12,12,"10",12
578,12,12,"13",12
578,12,12,"14",12
578,12,12,"3",12
578,12,12,"5",12
578,12,12,"8",12
578,12,17,"1",17
578,12,17,"10",17
578,12,17,"11",17
578,12,17,"13",17
578,12,17,"14",17
578,12,17,"3",17
578,12,17,"4",17
578,12,17,"6",17
578,12,17,"7",17
578,12,17,"8",17
578,12,17,"9",17
578,12,38,"1",38
578,12,38,"3",38
578,12,38,"5",38
578,12,38,"8",38
578,12,38,"9",38
578,12,10,"10",10
578,12,10,"11",10
578,12,10,"13",10
578,12,10,"14",10
578,12,10,"2",10
578,12,10,"7",10
578,12,10,"9",10
578,12,26,"1",26
578,12,26,"10",26
578,12,26,"11",26
578,12,26,"13",26
578,12,26,"2",26
578,12,26,"5",26
578,12,26,"6",26
578,12,26,"7",26
578,12,26,"8",26
578,12,26,"9",26
578,12,8,"1",8
578,12,8,"10",8
578,12,8,"11",8
578,12,8,"13",8
578,12,8,"14",8
578,12,8,"2",8
578,12,8,"3",8
578,12,8,"4",8
578,12,8,"5",8
578,12,8,"6",8
578,12,8,"7",8
578,12,8,"8",8
578,12,8,"9",8
578,12,9,"1",9
578,12,9,"10",9
578,12,9,"11",9
578,12,9,"13",9
578,12,9,"14",9
578,12,9,"2",9
578,12,9,"3",9
578,12,9,"4",9
578,12,9,"5",9
578,12,9,"6",9
578,12,9,"7",9
578,12,9,"8",9
578,12,9,"9",9
578,13,27,"11",27
578,13,17,"1",17
578,13,17,"10",17
578,13,17,"11",17
578,13,17,"12",17
578,13,17,"14",17
578,13,17,"3",17
578,13,17,"4",17
578,13,17,"6",17
578,13,17,"7",17
578,13,17,"8",17
578,13,17,"9",17
578,13,12,"10",12
578,13,12,"12",12
578,13,12,"14",12
578,13,12,"3",12
578,13,12,"5",12
578,13,12,"8",12
578,13,26,"1",26
578,13,26,"10",26
578,13,26,"11",26
578,13,26,"12",26
578,13,26,"2",26
578,13,26,"5",26
578,13,26,"6",26
578,13,26,"7",26
578,13,26,"8",26
578,13,26,"9",26
578,13,10,"10",10
578,13,10,"11",10
578,13,10,"12",10
578,13,10,"14",10
578,13,10,"2",10
578,13,10,"7",10
578,13,10,"9",10
578,13,8,"1",8
578,13,8,"10",8
578,13,8,"11",8
578,13,8,"12",8
578,13,8,"14",8
578,13,8,"2",8
578,13,8,"3",8
578,13,8,"4",8
578,13,8,"5",8
578,13,8,"6",8
578,13,8,"7",8
578,13,8,"8",8
578,13,8,"9",8
578,13,9,"1",9
578,13,9,"10",9
578,13,9,"11",9
578,13,9,"12",9
578,13,9,"14",9
578,13,9,"2",9
578,13,9,"3",9
578,13,9,"4",9
578,13,9,"5",9
578,13,9,"6",9
578,13,9,"7",9
578,13,9,"8",9
578,13,9,"9",9
578,14,31,"1",31
578,14,31,"10",31
578,14,31,"11",31
578,14,31,"2",31
578,14,31,"4",31
578,14,31,"5",31
578,14,31,"9",31
578,14,15,"8",15
578,14,15,"9",15
578,14,12,"10",12
578,14,12,"12",12
578,14,12,"13",12
578,14,12,"3",12
578,14,12,"5",12
578,14,12,"8",12
578,14,34,"10",34
578,14,34,"3",34
578,14,34,"7",34
578,14,35,"10",35
578,14,35,"11",35
578,14,35,"2",35
578,14,35,"3",35
578,14,35,"4",35
578,14,35,"6",35
578,14,35,"8",35
578,14,16,"4",16
578,14,16,"6",16
578,14,16,"9",16
578,14,10,"10",10
578,14,10,"11",10
578,14,10,"12",10
578,14,10,"13",10
578,14,10,"2",10
578,14,10,"7",10
578,14,10,"9",10
578,14,17,"1",17
578,14,17,"10",17
578,14,17,"11",17
578,14,17,"12",17
578,14,17,"13",17
578,14,17,"3",17
578,14,17,"4",17
578,14,17,"6",17
578,14,17,"7",17
578,14,17,"8",17
578,14,17,"9",17
578,14,8,"1",8
578,14,8,"10",8
578,14,8,"11",8
578,14,8,"12",8
578,14,8,"13",8
578,14,8,"2",8
578,14,8,"3",8
578,14,8,"4",8
578,14,8,"5",8
578,14,8,"6",8
578,14,8,"7",8
578,14,8,"8",8
578,14,8,"9",8
578,14,9,"1",9
578,14,9,"10",9
578,14,9,"11",9
578,14,9,"12",9
578,14,9,"13",9
578,14,9,"2",9
578,14,9,"3",9
578,14,9,"4",9
578,14,9,"5",9
578,14,9,"6",9
578,14,9,"7",9
578,14,9,"8",9
578,14,9,"9",9
578,2,10,"10",10
578,2,10,"11",10
578,2,10,"12",10
578,2,10,"13",10
578,2,10,"14",10
578,2,10,"7",10
578,2,10,"9",10
578,2,39,"10",39
578,2,26,"1",26
578,2,26,"10",26
578,2,26,"11",26
578,2,26,"12",26
578,2,26,"13",26
578,2,26,"5",26
578,2,26,"6",26
578,2,26,"7",26
578,2,26,"8",26
578,2,26,"9",26
578,2,37,"12",37
578,2,37,"9",37
578,2,31,"1",31
578,2,31,"10",31
578,2,31,"11",31
578,2,31,"14",31
578,2,31,"4",31
578,2,31,"5",31
578,2,31,"9",31
578,2,33,"10",33
578,2,33,"9",33
578,2,35,"10",35
578,2,35,"11",35
578,2,35,"14",35
578,2,35,"3",35
578,2,35,"4",35
578,2,35,"6",35
578,2,35,"8",35
578,2,8,"1",8
578,2,8,"10",8
578,2,8,"11",8
578,2,8,"12",8
578,2,8,"13",8
578,2,8,"14",8
578,2,8,"3",8
578,2,8,"4",8
578,2,8,"5",8
578,2,8,"6",8
578,2,8,"7",8
578,2,8,"8",8
578,2,8,"9",8
578,2,9,"1",9
578,2,9,"10",9
578,2,9,"11",9
578,2,9,"12",9
578,2,9,"13",9
578,2,9,"14",9
578,2,9,"3",9
578,2,9,"4",9
578,2,9,"5",9
578,2,9,"6",9
578,2,9,"7",9
578,2,9,"8",9
578,2,9,"9",9
578,3,38,"1",38
578,3,38,"12",38
578,3,38,"5",38
578,3,38,"8",38
578,3,38,"9",38
578,3,17,"1",17
578,3,17,"10",17
578,3,17,"11",17
578,3,17,"12",17
578,3,17,"13",17
578,3,17,"14",17
578,3,17,"4",17
578,3,17,"6",17
578,3,17,"7",17
578,3,17,"8",17
578,3,17,"9",17
578,3,12,"10",12
578,3,12,"12",12
578,3,12,"13",12
578,3,12,"14",12
578,3,12,"5",12
578,3,12,"8",12
578,3,34,"10",34
578,3,34,"14",34
578,3,34,"7",34
578,3,35,"10",35
578,3,35,"11",35
578,3,35,"14",35
578,3,35,"2",35
578,3,35,"4",35
578,3,35,"6",35
578,3,35,"8",35
578,3,8,"1",8
578,3,8,"10",8
578,3,8,"11",8
578,3,8,"12",8
578,3,8,"13",8
578,3,8,"14",8
578,3,8,"2",8
578,3,8,"4",8
578,3,8,"5",8
578,3,8,"6",8
578,3,8,"7",8
578,3,8,"8",8
578,3,8,"9",8
578,3,9,"1",9
578,3,9,"10",9
578,3,9,"11",9
578,3,9,"12",9
578,3,9,"13",9
578,3,9,"14",9
578,3,9,"2",9
578,3,9,"4",9
578,3,9,"5",9
578,3,9,"6",9
578,3,9,"7",9
578,3,9,"8",9
578,3,9,"9",9
578,4,16,"14",16
578,4,16,"6",16
578,4,16,"9",16
578,4,28,"5",28
578,4,35,"10",35
578,4,35,"11",35
578,4,35,"14",35
578,4,35,"2",35
578,4,35,"3",35
578,4,35,"6",35
578,4,35,"8",35
578,4,17,"1",17
578,4,17,"10",17
578,4,17,"11",17
578,4,17,"12",17
578,4,17,"13",17
578,4,17,"14",17
578,4,17,"3",17
578,4,17,"6",17
578,4,17,"7",17
578,4,17,"8",17
578,4,17,"9",17
578,4,1,"1",1
578,4,1,"12",1
578,4,1,"7",1
578,4,1,"8",1
578,4,1,"9",1
578,4,31,"1",31
578,4,31,"10",31
578,4,31,"11",31
578,4,31,"14",31
578,4,31,"2",31
578,4,31,"5",31
578,4,31,"9",31
578,4,8,"1",8
578,4,8,"10",8
578,4,8,"11",8
578,4,8,"12",8
578,4,8,"13",8
578,4,8,"14",8
578,4,8,"2",8
578,4,8,"3",8
578,4,8,"5",8
578,4,8,"6",8
578,4,8,"7",8
578,4,8,"8",8
578,4,8,"9",8
578,4,9,"1",9
578,4,9,"10",9
578,4,9,"11",9
578,4,9,"12",9
578,4,9,"13",9
578,4,9,"14",9
578,4,9,"2",9
578,4,9,"3",9
578,4,9,"5",9
578,4,9,"6",9
578,4,9,"7",9
578,4,9,"8",9
578,4,9,"9",9
578,5,14,"10",14
578,5,14,"11",14
578,5,14,"6",14
578,5,14,"8",14
578,5,11,"7",11
578,5,12,"10",12
578,5,12,"12",12
578,5,12,"13",12
578,5,12,"14",12
578,5,12,"3",12
578,5,12,"8",12
578,5,38,"1",38
578,5,38,"12",38
578,5,38,"3",38
578,5,38,"8",38
578,5,38,"9",38
578,5,26,"1",26
578,5,26,"10",26
578,5,26,"11",26
578,5,26,"12",26
578,5,26,"13",26
578,5,26,"2",26
578,5,26,"6",26
578,5,26,"7",26
578,5,26,"8",26
578,5,26,"9",26
578,5,31,"1",31
578,5,31,"10",31
578,5,31,"11",31
578,5,31,"14",31
578,5,31,"2",31
578,5,31,"4",31
578,5,31,"9",31
578,5,4,"1",4
578,5,4,"7",4
578,5,4,"8",4
578,5,28,"4",28
578,5,8,"1",8
578,5,8,"10",8
578,5,8,"11",8
578,5,8,"12",8
578,5,8,"13",8
578,5,8,"14",8
578,5,8,"2",8
578,5,8,"3",8
578,5,8,"4",8
578,5,8,"6",8
578,5,8,"7",8
578,5,8,"8",8
578,5,8,"9",8
578,5,9,"1",9
578,5,9,"10",9
578,5,9,"11",9
578,5,9,"12",9
578,5,9,"13",9
578,5,9,"14",9
578,5,9,"2",9
578,5,9,"3",9
578,5,9,"4",9
578,5,9,"6",9
578,5,9,"7",9
578,5,9,"8",9
578,5,9,"9",9
578,6,14,"10",14
578,6,14,"11",14
578,6,14,"5",14
578,6,14,"8",14
578,6,3,"11",3
578,6,26,"1",26
578,6,26,"10",26
578,6,26,"11",26
578,6,26,"12",26
578,6,26,"13",26
578,6,26,"2",26
578,6,26,"5",26
578,6,26,"7",26
578,6,26,"8",26
578,6,26,"9",26
578,6,35,"10",35
578,6,35,"11",35
578,6,35,"14",35
578,6,35,"2",35
578,6,35,"3",35
578,6,35,"4",35
578,6,35,"8",35
578,6,17,"1",17
578,6,17,"10",17
578,6,17,"11",17
578,6,17,"12",17
578,6,17,"13",17
578,6,17,"14",17
578,6,17,"3",17
578,6,17,"4",17
578,6,17,"7",17
578,6,17,"8",17
578,6,17,"9",17
578,6,16,"14",16
578,6,16,"4",16
578,6,16,"9",16
578,6,32,"7",32
578,6,8,"1",8
578,6,8,"10",8
578,6,8,"11",8
578,6,8,"12",8
578,6,8,"13",8
578,6,8,"14",8
578,6,8,"2",8
578,6,8,"3",8
578,6,8,"4",8
578,6,8,"5",8
578,6,8,"7",8
578,6,8,"8",8
578,6,8,"9",8
578,6,9,"1",9
578,6,9,"10",9
578,6,9,"11",9
578,6,9,"12",9
578,6,9,"13",9
578,6,9,"14",9
578,6,9,"2",9
578,6,9,"3",9
578,6,9,"4",9
578,6,9,"5",9
578,6,9,"7",9
578,6,9,"8",9
578,6,9,"9",9
578,7,10,"10",10
578,7,10,"11",10
578,7,10,"12",10
578,7,10,"13",10
578,7,10,"14",10
578,7,10,"2",10
578,7,10,"9",10
578,7,26,"1",26
578,7,26,"10",26
578,7,26,"11",26
578,7,26,"12",26
578,7,26,"13",26
578,7,26,"2",26
578,7,26,"5",26
578,7,26,"6",26
578,7,26,"8",26
578,7,26,"9",26
578,7,4,"1",4
578,7,4,"5",4
578,7,4,"8",4
578,7,17,"1",17
578,7,17,"10",17
578,7,17,"11",17
578,7,17,"12",17
578,7,17,"13",17
578,7,17,"14",17
578,7,17,"3",17
578,7,17,"4",17
578,7,17,"6",17
578,7,17,"8",17
578,7,17,"9",17
578,7,13,"10",13
578,7,13,"9",13
578,7,1,"1",1
578,7,1,"12",1
578,7,1,"4",1
578,7,1,"8",1
578,7,1,"9",1
578,7,34,"10",34
578,7,34,"14",34
578,7,34,"3",34
578,7,36,"1",36
578,7,11,"5",11
578,7,23,"8",23
578,7,5,"1",5
578,7,5,"10",5
578,7,5,"12",5
578,7,32,"6",32
578,7,8,"1",8
578,7,8,"10",8
578,7,8,"11",8
578,7,8,"12",8
578,7,8,"13",8
578,7,8,"14",8
578,7,8,"2",8
578,7,8,"3",8
578,7,8,"4",8
578,7,8,"5",8
578,7,8,"6",8
578,7,8,"8",8
578,7,8,"9",8
578,7,9,"1",9
578,7,9,"10",9
578,7,9,"11",9
578,7,9,"12",9
578,7,9,"13",9
578,7,9,"14",9
578,7,9,"2",9
578,7,9,"3",9
578,7,9,"4",9
578,7,9,"5",9
578,7,9,"6",9
578,7,9,"8",9
578,7,9,"9",9
578,8,38,"1",38
578,8,38,"12",38
578,8,38,"3",38
578,8,38,"5",38
578,8,38,"9",38
578,8,26,"1",26
578,8,26,"10",26
578,8,26,"11",26
578,8,26,"12",26
578,8,26,"13",26
578,8,26,"2",26
578,8,26,"5",26
578,8,26,"6",26
578,8,26,"7",26
578,8,26,"9",26
578,8,35,"10",35
578,8,35,"11",35
578,8,35,"14",35
578,8,35,"2",35
578,8,35,"3",35
578,8,35,"4",35
578,8,35,"6",35
578,8,1,"1",1
578,8,1,"12",1
578,8,1,"4",1
578,8,1,"7",1
578,8,1,"9",1
578,8,12,"10",12
578,8,12,"12",12
578,8,12,"13",12
578,8,12,"14",12
578,8,12,"3",12
578,8,12,"5",12
578,8,17,"1",17
578,8,17,"10",17
578,8,17,"11",17
578,8,17,"12",17
578,8,17,"13",17
578,8,17,"14",17
578,8,17,"3",17
578,8,17,"4",17
578,8,17,"6",17
578,8,17,"7",17
578,8,17,"9",17
578,8,15,"14",15
578,8,15,"9",15
578,8,23,"7",23
578,8,4,"1",4
578,8,4,"5",4
578,8,4,"7",4
578,8,14,"10",14
578,8,14,"11",14
578,8,14,"5",14
578,8,14,"6",14
578,8,8,"1",8
578,8,8,"10",8
578,8,8,"11",8
578,8,8,"12",8
578,8,8,"13",8
578,8,8,"14",8
578,8,8,"2",8
578,8,8,"3",8
578,8,8,"4",8
578,8,8,"5",8
578,8,8,"6",8
578,8,8,"7",8
578,8,8,"9",8
578,8,9,"1",9
578,8,9,"10",9
578,8,9,"11",9
578,8,9,"12",9
578,8,9,"13",9
578,8,9,"14",9
578,8,9,"2",9
578,8,9,"3",9
578,8,9,"4",9
578,8,9,"5",9
578,8,9,"6",9
578,8,9,"7",9
578,8,9,"9",9
578,9,13,"10",13
578,9,13,"7",13
578,9,37,"12",37
578,9,37,"2",37
578,9,16,"14",16
578,9,16,"4",16
578,9,16,"6",16
578,9,17,"1",17
578,9,17,"10",17
578,9,17,"11",17
578,9,17,"12",17
578,9,17,"13",17
578,9,17,"14",17
578,9,17,"3",17
578,9,17,"4",17
578,9,17,"6",17
578,9,17,"7",17
578,9,17,"8",17
578,9,26,"1",26
578,9,26,"10",26
578,9,26,"11",26
578,9,26,"12",26
578,9,26,"13",26
578,9,26,"2",26
578,9,26,"5",26
578,9,26,"6",26
578,9,26,"7",26
578,9,26,"8",26
578,9,31,"1",31
578,9,31,"10",31
578,9,31,"11",31
578,9,31,"14",31
578,9,31,"2",31
578,9,31,"4",31
578,9,31,"5",31
578,9,15,"14",15
578,9,15,"8",15
578,9,38,"1",38
578,9,38,"12",38
578,9,38,"3",38
578,9,38,"5",38
578,9,38,"8",38
578,9,10,"10",10
578,9,10,"11",10
578,9,10,"12",10
578,9,10,"13",10
578,9,10,"14",10
578,9,10,"2",10
578,9,10,"7",10
578,9,1,"1",1
578,9,1,"12",1
578,9,1,"4",1
578,9,1,"7",1
578,9,1,"8",1
578,9,33,"10",33
578,9,33,"2",33
578,9,8,"1",8
578,9,8,"10",8
578,9,8,"11",8
578,9,8,"12",8
578,9,8,"13",8
578,9,8,"14",8
578,9,8,"2",8
578,9,8,"3",8
578,9,8,"4",8
578,9,8,"5",8
578,9,8,"6",8
578,9,8,"7",8
578,9,8,"8",8
578,9,9,"1",9
578,9,9,"10",9
578,9,9,"11",9
578,9,9,"12",9
578,9,9,"13",9
578,9,9,"14",9
578,9,9,"2",9
578,9,9,"3",9
578,9,9,"4",9
578,9,9,"5",9
578,9,9,"6",9
578,9,9,"7",9
578,9,9,"8",9
