"trial_number","layer_from","node_from","layer_to","node_to"
800,1,258,"2",258
800,1,216,"11",216
800,1,216,"12",216
800,1,216,"2",216
800,1,216,"3",216
800,1,216,"4",216
800,1,216,"8",216
800,1,113,"2",113
800,1,225,"3",225
800,1,225,"4",225
800,1,284,"10",284
800,1,284,"12",284
800,1,284,"2",284
800,1,284,"3",284
800,1,284,"4",284
800,1,284,"6",284
800,1,284,"7",284
800,1,284,"8",284
800,1,54,"2",54
800,1,170,"12",170
800,1,170,"13",170
800,1,170,"14",170
800,1,170,"2",170
800,1,170,"3",170
800,1,170,"4",170
800,1,170,"5",170
800,1,170,"6",170
800,1,170,"7",170
800,1,170,"8",170
800,1,262,"2",262
800,1,99,"4",99
800,1,45,"2",45
800,1,194,"2",194
800,1,242,"10",242
800,1,242,"14",242
800,1,242,"2",242
800,1,242,"3",242
800,1,242,"4",242
800,1,242,"9",242
800,1,104,"9",104
800,1,72,"2",72
800,1,82,"2",82
800,1,86,"2",86
800,1,189,"2",189
800,1,244,"2",244
800,1,160,"2",160
800,1,187,"10",187
800,1,187,"11",187
800,1,187,"12",187
800,1,187,"2",187
800,1,187,"5",187
800,1,187,"6",187
800,1,187,"7",187
800,1,187,"8",187
800,1,187,"9",187
800,1,230,"2",230
800,1,232,"2",232
800,1,273,"2",273
800,1,49,"2",49
800,10,126,"11",126
800,10,126,"13",126
800,10,126,"14",126
800,10,126,"9",126
800,10,137,"8",137
800,10,165,"11",165
800,10,165,"12",165
800,10,165,"13",165
800,10,165,"14",165
800,10,165,"5",165
800,10,165,"6",165
800,10,165,"7",165
800,10,165,"8",165
800,10,165,"9",165
800,10,190,"13",190
800,10,190,"14",190
800,10,241,"7",241
800,10,241,"8",241
800,10,254,"14",254
800,10,254,"8",254
800,10,254,"9",254
800,10,274,"11",274
800,10,274,"12",274
800,10,274,"13",274
800,10,274,"14",274
800,10,274,"3",274
800,10,274,"4",274
800,10,274,"5",274
800,10,274,"6",274
800,10,274,"7",274
800,10,274,"8",274
800,10,274,"9",274
800,10,275,"11",275
800,10,275,"12",275
800,10,275,"13",275
800,10,275,"14",275
800,10,275,"3",275
800,10,275,"4",275
800,10,275,"5",275
800,10,275,"6",275
800,10,275,"7",275
800,10,275,"8",275
800,10,275,"9",275
800,10,278,"9",278
800,10,60,"11",60
800,10,60,"12",60
800,10,60,"5",60
800,10,60,"6",60
800,10,60,"7",60
800,10,60,"8",60
800,10,60,"9",60
800,10,92,"11",92
800,10,92,"12",92
800,10,92,"13",92
800,10,92,"14",92
800,10,92,"3",92
800,10,92,"5",92
800,10,92,"6",92
800,10,92,"7",92
800,10,92,"8",92
800,10,92,"9",92
800,10,138,"11",138
800,10,138,"12",138
800,10,138,"13",138
800,10,138,"14",138
800,10,138,"9",138
800,10,139,"13",139
800,10,139,"5",139
800,10,163,"11",163
800,10,163,"12",163
800,10,163,"13",163
800,10,163,"14",163
800,10,163,"3",163
800,10,163,"5",163
800,10,163,"6",163
800,10,163,"8",163
800,10,163,"9",163
800,10,101,"12",101
800,10,101,"2",101
800,10,101,"3",101
800,10,101,"4",101
800,10,101,"5",101
800,10,101,"8",101
800,10,284,"1",284
800,10,284,"12",284
800,10,284,"2",284
800,10,284,"3",284
800,10,284,"4",284
800,10,284,"6",284
800,10,284,"7",284
800,10,284,"8",284
800,10,166,"9",166
800,10,44,"12",44
800,10,44,"5",44
800,10,44,"6",44
800,10,44,"7",44
800,10,55,"12",55
800,10,55,"13",55
800,10,55,"14",55
800,10,55,"3",55
800,10,55,"4",55
800,10,55,"5",55
800,10,55,"6",55
800,10,55,"7",55
800,10,55,"8",55
800,10,55,"9",55
800,10,56,"12",56
800,10,56,"5",56
800,10,56,"7",56
800,10,266,"7",266
800,10,266,"8",266
800,10,266,"9",266
800,10,109,"8",109
800,10,181,"9",181
800,10,211,"14",211
800,10,211,"6",211
800,10,211,"9",211
800,10,50,"3",50
800,10,50,"4",50
800,10,50,"5",50
800,10,50,"6",50
800,10,50,"7",50
800,10,50,"8",50
800,10,50,"9",50
800,10,112,"6",112
800,10,141,"11",141
800,10,141,"12",141
800,10,141,"13",141
800,10,141,"14",141
800,10,141,"9",141
800,10,187,"1",187
800,10,187,"11",187
800,10,187,"12",187
800,10,187,"2",187
800,10,187,"5",187
800,10,187,"6",187
800,10,187,"7",187
800,10,187,"8",187
800,10,187,"9",187
800,10,193,"14",193
800,10,242,"1",242
800,10,242,"14",242
800,10,242,"2",242
800,10,242,"3",242
800,10,242,"4",242
800,10,242,"9",242
800,10,140,"14",140
800,10,140,"8",140
800,10,276,"5",276
800,10,276,"6",276
800,10,276,"8",276
800,10,217,"5",217
800,10,217,"6",217
800,10,217,"7",217
800,10,217,"8",217
800,10,217,"9",217
800,10,218,"7",218
800,10,96,"14",96
800,10,175,"9",175
800,11,111,"14",111
800,11,111,"3",111
800,11,111,"4",111
800,11,111,"5",111
800,11,111,"6",111
800,11,111,"7",111
800,11,111,"8",111
800,11,165,"10",165
800,11,165,"12",165
800,11,165,"13",165
800,11,165,"14",165
800,11,165,"5",165
800,11,165,"6",165
800,11,165,"7",165
800,11,165,"8",165
800,11,165,"9",165
800,11,192,"12",192
800,11,192,"14",192
800,11,192,"7",192
800,11,192,"8",192
800,11,215,"12",215
800,11,215,"6",215
800,11,255,"12",255
800,11,255,"13",255
800,11,270,"13",270
800,11,270,"6",270
800,11,270,"9",270
800,11,272,"12",272
800,11,274,"10",274
800,11,274,"12",274
800,11,274,"13",274
800,11,274,"14",274
800,11,274,"3",274
800,11,274,"4",274
800,11,274,"5",274
800,11,274,"6",274
800,11,274,"7",274
800,11,274,"8",274
800,11,274,"9",274
800,11,275,"10",275
800,11,275,"12",275
800,11,275,"13",275
800,11,275,"14",275
800,11,275,"3",275
800,11,275,"4",275
800,11,275,"5",275
800,11,275,"6",275
800,11,275,"7",275
800,11,275,"8",275
800,11,275,"9",275
800,11,80,"12",80
800,11,88,"12",88
800,11,92,"10",92
800,11,92,"12",92
800,11,92,"13",92
800,11,92,"14",92
800,11,92,"3",92
800,11,92,"5",92
800,11,92,"6",92
800,11,92,"7",92
800,11,92,"8",92
800,11,92,"9",92
800,11,138,"10",138
800,11,138,"12",138
800,11,138,"13",138
800,11,138,"14",138
800,11,138,"9",138
800,11,187,"1",187
800,11,187,"10",187
800,11,187,"12",187
800,11,187,"2",187
800,11,187,"5",187
800,11,187,"6",187
800,11,187,"7",187
800,11,187,"8",187
800,11,187,"9",187
800,11,197,"12",197
800,11,197,"3",197
800,11,62,"12",62
800,11,62,"7",62
800,11,126,"10",126
800,11,126,"13",126
800,11,126,"14",126
800,11,126,"9",126
800,11,163,"10",163
800,11,163,"12",163
800,11,163,"13",163
800,11,163,"14",163
800,11,163,"3",163
800,11,163,"5",163
800,11,163,"6",163
800,11,163,"8",163
800,11,163,"9",163
800,11,60,"10",60
800,11,60,"12",60
800,11,60,"5",60
800,11,60,"6",60
800,11,60,"7",60
800,11,60,"8",60
800,11,60,"9",60
800,11,207,"14",207
800,11,216,"1",216
800,11,216,"12",216
800,11,216,"2",216
800,11,216,"3",216
800,11,216,"4",216
800,11,216,"8",216
800,11,238,"12",238
800,11,238,"7",238
800,11,238,"8",238
800,11,243,"12",243
800,11,243,"13",243
800,11,243,"8",243
800,11,141,"10",141
800,11,141,"12",141
800,11,141,"13",141
800,11,141,"14",141
800,11,141,"9",141
800,11,219,"4",219
800,12,165,"10",165
800,12,165,"11",165
800,12,165,"13",165
800,12,165,"14",165
800,12,165,"5",165
800,12,165,"6",165
800,12,165,"7",165
800,12,165,"8",165
800,12,165,"9",165
800,12,170,"1",170
800,12,170,"13",170
800,12,170,"14",170
800,12,170,"2",170
800,12,170,"3",170
800,12,170,"4",170
800,12,170,"5",170
800,12,170,"6",170
800,12,170,"7",170
800,12,170,"8",170
800,12,255,"11",255
800,12,255,"13",255
800,12,272,"11",272
800,12,274,"10",274
800,12,274,"11",274
800,12,274,"13",274
800,12,274,"14",274
800,12,274,"3",274
800,12,274,"4",274
800,12,274,"5",274
800,12,274,"6",274
800,12,274,"7",274
800,12,274,"8",274
800,12,274,"9",274
800,12,80,"11",80
800,12,88,"11",88
800,12,101,"10",101
800,12,101,"2",101
800,12,101,"3",101
800,12,101,"4",101
800,12,101,"5",101
800,12,101,"8",101
800,12,163,"10",163
800,12,163,"11",163
800,12,163,"13",163
800,12,163,"14",163
800,12,163,"3",163
800,12,163,"5",163
800,12,163,"6",163
800,12,163,"8",163
800,12,163,"9",163
800,12,187,"1",187
800,12,187,"10",187
800,12,187,"11",187
800,12,187,"2",187
800,12,187,"5",187
800,12,187,"6",187
800,12,187,"7",187
800,12,187,"8",187
800,12,187,"9",187
800,12,238,"11",238
800,12,238,"7",238
800,12,238,"8",238
800,12,92,"10",92
800,12,92,"11",92
800,12,92,"13",92
800,12,92,"14",92
800,12,92,"3",92
800,12,92,"5",92
800,12,92,"6",92
800,12,92,"7",92
800,12,92,"8",92
800,12,92,"9",92
800,12,239,"13",239
800,12,239,"5",239
800,12,239,"6",239
800,12,55,"10",55
800,12,55,"13",55
800,12,55,"14",55
800,12,55,"3",55
800,12,55,"4",55
800,12,55,"5",55
800,12,55,"6",55
800,12,55,"7",55
800,12,55,"8",55
800,12,55,"9",55
800,12,56,"10",56
800,12,56,"5",56
800,12,56,"7",56
800,12,60,"10",60
800,12,60,"11",60
800,12,60,"5",60
800,12,60,"6",60
800,12,60,"7",60
800,12,60,"8",60
800,12,60,"9",60
800,12,275,"10",275
800,12,275,"11",275
800,12,275,"13",275
800,12,275,"14",275
800,12,275,"3",275
800,12,275,"4",275
800,12,275,"5",275
800,12,275,"6",275
800,12,275,"7",275
800,12,275,"8",275
800,12,275,"9",275
800,12,44,"10",44
800,12,44,"5",44
800,12,44,"6",44
800,12,44,"7",44
800,12,138,"10",138
800,12,138,"11",138
800,12,138,"13",138
800,12,138,"14",138
800,12,138,"9",138
800,12,203,"6",203
800,12,215,"11",215
800,12,215,"6",215
800,12,216,"1",216
800,12,216,"11",216
800,12,216,"2",216
800,12,216,"3",216
800,12,216,"4",216
800,12,216,"8",216
800,12,284,"1",284
800,12,284,"10",284
800,12,284,"2",284
800,12,284,"3",284
800,12,284,"4",284
800,12,284,"6",284
800,12,284,"7",284
800,12,284,"8",284
800,12,62,"11",62
800,12,62,"7",62
800,12,84,"4",84
800,12,84,"8",84
800,12,243,"11",243
800,12,243,"13",243
800,12,243,"8",243
800,12,146,"3",146
800,12,192,"11",192
800,12,192,"14",192
800,12,192,"7",192
800,12,192,"8",192
800,12,143,"7",143
800,12,197,"11",197
800,12,197,"3",197
800,12,98,"13",98
800,12,98,"7",98
800,12,141,"10",141
800,12,141,"11",141
800,12,141,"13",141
800,12,141,"14",141
800,12,141,"9",141
800,12,235,"3",235
800,12,235,"4",235
800,12,235,"5",235
800,12,235,"6",235
800,12,235,"7",235
800,12,235,"8",235
800,12,108,"14",108
800,12,133,"13",133
800,13,103,"14",103
800,13,107,"14",107
800,13,115,"14",115
800,13,115,"5",115
800,13,126,"10",126
800,13,126,"11",126
800,13,126,"14",126
800,13,126,"9",126
800,13,136,"5",136
800,13,136,"7",136
800,13,136,"8",136
800,13,138,"10",138
800,13,138,"11",138
800,13,138,"12",138
800,13,138,"14",138
800,13,138,"9",138
800,13,139,"10",139
800,13,139,"5",139
800,13,141,"10",141
800,13,141,"11",141
800,13,141,"12",141
800,13,141,"14",141
800,13,141,"9",141
800,13,163,"10",163
800,13,163,"11",163
800,13,163,"12",163
800,13,163,"14",163
800,13,163,"3",163
800,13,163,"5",163
800,13,163,"6",163
800,13,163,"8",163
800,13,163,"9",163
800,13,165,"10",165
800,13,165,"11",165
800,13,165,"12",165
800,13,165,"14",165
800,13,165,"5",165
800,13,165,"6",165
800,13,165,"7",165
800,13,165,"8",165
800,13,165,"9",165
800,13,170,"1",170
800,13,170,"12",170
800,13,170,"14",170
800,13,170,"2",170
800,13,170,"3",170
800,13,170,"4",170
800,13,170,"5",170
800,13,170,"6",170
800,13,170,"7",170
800,13,170,"8",170
800,13,190,"10",190
800,13,190,"14",190
800,13,239,"12",239
800,13,239,"5",239
800,13,239,"6",239
800,13,255,"11",255
800,13,255,"12",255
800,13,55,"10",55
800,13,55,"12",55
800,13,55,"14",55
800,13,55,"3",55
800,13,55,"4",55
800,13,55,"5",55
800,13,55,"6",55
800,13,55,"7",55
800,13,55,"8",55
800,13,55,"9",55
800,13,92,"10",92
800,13,92,"11",92
800,13,92,"12",92
800,13,92,"14",92
800,13,92,"3",92
800,13,92,"5",92
800,13,92,"6",92
800,13,92,"7",92
800,13,92,"8",92
800,13,92,"9",92
800,13,176,"7",176
800,13,202,"6",202
800,13,243,"11",243
800,13,243,"12",243
800,13,243,"8",243
800,13,275,"10",275
800,13,275,"11",275
800,13,275,"12",275
800,13,275,"14",275
800,13,275,"3",275
800,13,275,"4",275
800,13,275,"5",275
800,13,275,"6",275
800,13,275,"7",275
800,13,275,"8",275
800,13,275,"9",275
800,13,98,"12",98
800,13,98,"7",98
800,13,265,"14",265
800,13,114,"14",114
800,13,133,"12",133
800,13,270,"11",270
800,13,270,"6",270
800,13,270,"9",270
800,13,274,"10",274
800,13,274,"11",274
800,13,274,"12",274
800,13,274,"14",274
800,13,274,"3",274
800,13,274,"4",274
800,13,274,"5",274
800,13,274,"6",274
800,13,274,"7",274
800,13,274,"8",274
800,13,274,"9",274
800,14,103,"13",103
800,14,111,"11",111
800,14,111,"3",111
800,14,111,"4",111
800,14,111,"5",111
800,14,111,"6",111
800,14,111,"7",111
800,14,111,"8",111
800,14,115,"13",115
800,14,115,"5",115
800,14,126,"10",126
800,14,126,"11",126
800,14,126,"13",126
800,14,126,"9",126
800,14,138,"10",138
800,14,138,"11",138
800,14,138,"12",138
800,14,138,"13",138
800,14,138,"9",138
800,14,141,"10",141
800,14,141,"11",141
800,14,141,"12",141
800,14,141,"13",141
800,14,141,"9",141
800,14,163,"10",163
800,14,163,"11",163
800,14,163,"12",163
800,14,163,"13",163
800,14,163,"3",163
800,14,163,"5",163
800,14,163,"6",163
800,14,163,"8",163
800,14,163,"9",163
800,14,165,"10",165
800,14,165,"11",165
800,14,165,"12",165
800,14,165,"13",165
800,14,165,"5",165
800,14,165,"6",165
800,14,165,"7",165
800,14,165,"8",165
800,14,165,"9",165
800,14,170,"1",170
800,14,170,"12",170
800,14,170,"13",170
800,14,170,"2",170
800,14,170,"3",170
800,14,170,"4",170
800,14,170,"5",170
800,14,170,"6",170
800,14,170,"7",170
800,14,170,"8",170
800,14,190,"10",190
800,14,190,"13",190
800,14,207,"11",207
800,14,242,"1",242
800,14,242,"10",242
800,14,242,"2",242
800,14,242,"3",242
800,14,242,"4",242
800,14,242,"9",242
800,14,254,"10",254
800,14,254,"8",254
800,14,254,"9",254
800,14,265,"13",265
800,14,92,"10",92
800,14,92,"11",92
800,14,92,"12",92
800,14,92,"13",92
800,14,92,"3",92
800,14,92,"5",92
800,14,92,"6",92
800,14,92,"7",92
800,14,92,"8",92
800,14,92,"9",92
800,14,96,"10",96
800,14,108,"12",108
800,14,193,"10",193
800,14,192,"11",192
800,14,192,"12",192
800,14,192,"7",192
800,14,192,"8",192
800,14,210,"4",210
800,14,275,"10",275
800,14,275,"11",275
800,14,275,"12",275
800,14,275,"13",275
800,14,275,"3",275
800,14,275,"4",275
800,14,275,"5",275
800,14,275,"6",275
800,14,275,"7",275
800,14,275,"8",275
800,14,275,"9",275
800,14,140,"10",140
800,14,140,"8",140
800,14,226,"7",226
800,14,114,"13",114
800,14,55,"10",55
800,14,55,"12",55
800,14,55,"13",55
800,14,55,"3",55
800,14,55,"4",55
800,14,55,"5",55
800,14,55,"6",55
800,14,55,"7",55
800,14,55,"8",55
800,14,55,"9",55
800,14,211,"10",211
800,14,211,"6",211
800,14,211,"9",211
800,14,107,"13",107
800,14,274,"10",274
800,14,274,"11",274
800,14,274,"12",274
800,14,274,"13",274
800,14,274,"3",274
800,14,274,"4",274
800,14,274,"5",274
800,14,274,"6",274
800,14,274,"7",274
800,14,274,"8",274
800,14,274,"9",274
800,2,45,"1",45
800,2,258,"1",258
800,2,72,"1",72
800,2,160,"1",160
800,2,194,"1",194
800,2,206,"3",206
800,2,242,"1",242
800,2,242,"10",242
800,2,242,"14",242
800,2,242,"3",242
800,2,242,"4",242
800,2,242,"9",242
800,2,284,"1",284
800,2,284,"10",284
800,2,284,"12",284
800,2,284,"3",284
800,2,284,"4",284
800,2,284,"6",284
800,2,284,"7",284
800,2,284,"8",284
800,2,54,"1",54
800,2,244,"1",244
800,2,86,"1",86
800,2,113,"1",113
800,2,170,"1",170
800,2,170,"12",170
800,2,170,"13",170
800,2,170,"14",170
800,2,170,"3",170
800,2,170,"4",170
800,2,170,"5",170
800,2,170,"6",170
800,2,170,"7",170
800,2,170,"8",170
800,2,230,"1",230
800,2,262,"1",262
800,2,216,"1",216
800,2,216,"11",216
800,2,216,"12",216
800,2,216,"3",216
800,2,216,"4",216
800,2,216,"8",216
800,2,82,"1",82
800,2,101,"10",101
800,2,101,"12",101
800,2,101,"3",101
800,2,101,"4",101
800,2,101,"5",101
800,2,101,"8",101
800,2,187,"1",187
800,2,187,"10",187
800,2,187,"11",187
800,2,187,"12",187
800,2,187,"5",187
800,2,187,"6",187
800,2,187,"7",187
800,2,187,"8",187
800,2,187,"9",187
800,2,188,"3",188
800,2,189,"1",189
800,2,212,"7",212
800,2,232,"1",232
800,2,273,"1",273
800,2,49,"1",49
800,3,131,"4",131
800,3,234,"4",234
800,3,275,"10",275
800,3,275,"11",275
800,3,275,"12",275
800,3,275,"13",275
800,3,275,"14",275
800,3,275,"4",275
800,3,275,"5",275
800,3,275,"6",275
800,3,275,"7",275
800,3,275,"8",275
800,3,275,"9",275
800,3,146,"12",146
800,3,163,"10",163
800,3,163,"11",163
800,3,163,"12",163
800,3,163,"13",163
800,3,163,"14",163
800,3,163,"5",163
800,3,163,"6",163
800,3,163,"8",163
800,3,163,"9",163
800,3,170,"1",170
800,3,170,"12",170
800,3,170,"13",170
800,3,170,"14",170
800,3,170,"2",170
800,3,170,"4",170
800,3,170,"5",170
800,3,170,"6",170
800,3,170,"7",170
800,3,170,"8",170
800,3,206,"2",206
800,3,216,"1",216
800,3,216,"11",216
800,3,216,"12",216
800,3,216,"2",216
800,3,216,"4",216
800,3,216,"8",216
800,3,225,"1",225
800,3,225,"4",225
800,3,236,"4",236
800,3,242,"1",242
800,3,242,"10",242
800,3,242,"14",242
800,3,242,"2",242
800,3,242,"4",242
800,3,242,"9",242
800,3,284,"1",284
800,3,284,"10",284
800,3,284,"12",284
800,3,284,"2",284
800,3,284,"4",284
800,3,284,"6",284
800,3,284,"7",284
800,3,284,"8",284
800,3,50,"10",50
800,3,50,"4",50
800,3,50,"5",50
800,3,50,"6",50
800,3,50,"7",50
800,3,50,"8",50
800,3,50,"9",50
800,3,55,"10",55
800,3,55,"12",55
800,3,55,"13",55
800,3,55,"14",55
800,3,55,"4",55
800,3,55,"5",55
800,3,55,"6",55
800,3,55,"7",55
800,3,55,"8",55
800,3,55,"9",55
800,3,59,"4",59
800,3,77,"4",77
800,3,81,"4",81
800,3,81,"9",81
800,3,89,"4",89
800,3,91,"4",91
800,3,95,"5",95
800,3,274,"10",274
800,3,274,"11",274
800,3,274,"12",274
800,3,274,"13",274
800,3,274,"14",274
800,3,274,"4",274
800,3,274,"5",274
800,3,274,"6",274
800,3,274,"7",274
800,3,274,"8",274
800,3,274,"9",274
800,3,92,"10",92
800,3,92,"11",92
800,3,92,"12",92
800,3,92,"13",92
800,3,92,"14",92
800,3,92,"5",92
800,3,92,"6",92
800,3,92,"7",92
800,3,92,"8",92
800,3,92,"9",92
800,3,264,"4",264
800,3,101,"10",101
800,3,101,"12",101
800,3,101,"2",101
800,3,101,"4",101
800,3,101,"5",101
800,3,101,"8",101
800,3,111,"11",111
800,3,111,"14",111
800,3,111,"4",111
800,3,111,"5",111
800,3,111,"6",111
800,3,111,"7",111
800,3,111,"8",111
800,3,188,"2",188
800,3,106,"6",106
800,3,197,"11",197
800,3,197,"12",197
800,3,235,"12",235
800,3,235,"4",235
800,3,235,"5",235
800,3,235,"6",235
800,3,235,"7",235
800,3,235,"8",235
800,4,145,"7",145
800,4,275,"10",275
800,4,275,"11",275
800,4,275,"12",275
800,4,275,"13",275
800,4,275,"14",275
800,4,275,"3",275
800,4,275,"5",275
800,4,275,"6",275
800,4,275,"7",275
800,4,275,"8",275
800,4,275,"9",275
800,4,111,"11",111
800,4,111,"14",111
800,4,111,"3",111
800,4,111,"5",111
800,4,111,"6",111
800,4,111,"7",111
800,4,111,"8",111
800,4,170,"1",170
800,4,170,"12",170
800,4,170,"13",170
800,4,170,"14",170
800,4,170,"2",170
800,4,170,"3",170
800,4,170,"5",170
800,4,170,"6",170
800,4,170,"7",170
800,4,170,"8",170
800,4,225,"1",225
800,4,225,"3",225
800,4,234,"3",234
800,4,236,"3",236
800,4,242,"1",242
800,4,242,"10",242
800,4,242,"14",242
800,4,242,"2",242
800,4,242,"3",242
800,4,242,"9",242
800,4,284,"1",284
800,4,284,"10",284
800,4,284,"12",284
800,4,284,"2",284
800,4,284,"3",284
800,4,284,"6",284
800,4,284,"7",284
800,4,284,"8",284
800,4,55,"10",55
800,4,55,"12",55
800,4,55,"13",55
800,4,55,"14",55
800,4,55,"3",55
800,4,55,"5",55
800,4,55,"6",55
800,4,55,"7",55
800,4,55,"8",55
800,4,55,"9",55
800,4,89,"3",89
800,4,99,"1",99
800,4,77,"3",77
800,4,91,"3",91
800,4,131,"3",131
800,4,274,"10",274
800,4,274,"11",274
800,4,274,"12",274
800,4,274,"13",274
800,4,274,"14",274
800,4,274,"3",274
800,4,274,"5",274
800,4,274,"6",274
800,4,274,"7",274
800,4,274,"8",274
800,4,274,"9",274
800,4,81,"3",81
800,4,81,"9",81
800,4,101,"10",101
800,4,101,"12",101
800,4,101,"2",101
800,4,101,"3",101
800,4,101,"5",101
800,4,101,"8",101
800,4,216,"1",216
800,4,216,"11",216
800,4,216,"12",216
800,4,216,"2",216
800,4,216,"3",216
800,4,216,"8",216
800,4,235,"12",235
800,4,235,"3",235
800,4,235,"5",235
800,4,235,"6",235
800,4,235,"7",235
800,4,235,"8",235
800,4,59,"3",59
800,4,84,"12",84
800,4,84,"8",84
800,4,210,"14",210
800,4,219,"11",219
800,4,264,"3",264
800,4,50,"10",50
800,4,50,"3",50
800,4,50,"5",50
800,4,50,"6",50
800,4,50,"7",50
800,4,50,"8",50
800,4,50,"9",50
800,5,111,"11",111
800,5,111,"14",111
800,5,111,"3",111
800,5,111,"4",111
800,5,111,"6",111
800,5,111,"7",111
800,5,111,"8",111
800,5,115,"13",115
800,5,115,"14",115
800,5,136,"13",136
800,5,136,"7",136
800,5,136,"8",136
800,5,139,"10",139
800,5,139,"13",139
800,5,159,"6",159
800,5,165,"10",165
800,5,165,"11",165
800,5,165,"12",165
800,5,165,"13",165
800,5,165,"14",165
800,5,165,"6",165
800,5,165,"7",165
800,5,165,"8",165
800,5,165,"9",165
800,5,170,"1",170
800,5,170,"12",170
800,5,170,"13",170
800,5,170,"14",170
800,5,170,"2",170
800,5,170,"3",170
800,5,170,"4",170
800,5,170,"6",170
800,5,170,"7",170
800,5,170,"8",170
800,5,187,"1",187
800,5,187,"10",187
800,5,187,"11",187
800,5,187,"12",187
800,5,187,"2",187
800,5,187,"6",187
800,5,187,"7",187
800,5,187,"8",187
800,5,187,"9",187
800,5,199,"6",199
800,5,199,"7",199
800,5,199,"8",199
800,5,239,"12",239
800,5,239,"13",239
800,5,239,"6",239
800,5,50,"10",50
800,5,50,"3",50
800,5,50,"4",50
800,5,50,"6",50
800,5,50,"7",50
800,5,50,"8",50
800,5,50,"9",50
800,5,52,"6",52
800,5,55,"10",55
800,5,55,"12",55
800,5,55,"13",55
800,5,55,"14",55
800,5,55,"3",55
800,5,55,"4",55
800,5,55,"6",55
800,5,55,"7",55
800,5,55,"8",55
800,5,55,"9",55
800,5,76,"6",76
800,5,92,"10",92
800,5,92,"11",92
800,5,92,"12",92
800,5,92,"13",92
800,5,92,"14",92
800,5,92,"3",92
800,5,92,"6",92
800,5,92,"7",92
800,5,92,"8",92
800,5,92,"9",92
800,5,163,"10",163
800,5,163,"11",163
800,5,163,"12",163
800,5,163,"13",163
800,5,163,"14",163
800,5,163,"3",163
800,5,163,"6",163
800,5,163,"8",163
800,5,163,"9",163
800,5,275,"10",275
800,5,275,"11",275
800,5,275,"12",275
800,5,275,"13",275
800,5,275,"14",275
800,5,275,"3",275
800,5,275,"4",275
800,5,275,"6",275
800,5,275,"7",275
800,5,275,"8",275
800,5,275,"9",275
800,5,217,"10",217
800,5,217,"6",217
800,5,217,"7",217
800,5,217,"8",217
800,5,217,"9",217
800,5,73,"7",73
800,5,73,"8",73
800,5,44,"10",44
800,5,44,"12",44
800,5,44,"6",44
800,5,44,"7",44
800,5,56,"10",56
800,5,56,"12",56
800,5,56,"7",56
800,5,60,"10",60
800,5,60,"11",60
800,5,60,"12",60
800,5,60,"6",60
800,5,60,"7",60
800,5,60,"8",60
800,5,60,"9",60
800,5,274,"10",274
800,5,274,"11",274
800,5,274,"12",274
800,5,274,"13",274
800,5,274,"14",274
800,5,274,"3",274
800,5,274,"4",274
800,5,274,"6",274
800,5,274,"7",274
800,5,274,"8",274
800,5,274,"9",274
800,5,276,"10",276
800,5,276,"6",276
800,5,276,"8",276
800,5,95,"3",95
800,5,101,"10",101
800,5,101,"12",101
800,5,101,"2",101
800,5,101,"3",101
800,5,101,"4",101
800,5,101,"8",101
800,5,235,"12",235
800,5,235,"3",235
800,5,235,"4",235
800,5,235,"6",235
800,5,235,"7",235
800,5,235,"8",235
800,6,159,"5",159
800,6,165,"10",165
800,6,165,"11",165
800,6,165,"12",165
800,6,165,"13",165
800,6,165,"14",165
800,6,165,"5",165
800,6,165,"7",165
800,6,165,"8",165
800,6,165,"9",165
800,6,235,"12",235
800,6,235,"3",235
800,6,235,"4",235
800,6,235,"5",235
800,6,235,"7",235
800,6,235,"8",235
800,6,239,"12",239
800,6,239,"13",239
800,6,239,"5",239
800,6,41,"7",41
800,6,41,"8",41
800,6,50,"10",50
800,6,50,"3",50
800,6,50,"4",50
800,6,50,"5",50
800,6,50,"7",50
800,6,50,"8",50
800,6,50,"9",50
800,6,92,"10",92
800,6,92,"11",92
800,6,92,"12",92
800,6,92,"13",92
800,6,92,"14",92
800,6,92,"3",92
800,6,92,"5",92
800,6,92,"7",92
800,6,92,"8",92
800,6,92,"9",92
800,6,163,"10",163
800,6,163,"11",163
800,6,163,"12",163
800,6,163,"13",163
800,6,163,"14",163
800,6,163,"3",163
800,6,163,"5",163
800,6,163,"8",163
800,6,163,"9",163
800,6,275,"10",275
800,6,275,"11",275
800,6,275,"12",275
800,6,275,"13",275
800,6,275,"14",275
800,6,275,"3",275
800,6,275,"4",275
800,6,275,"5",275
800,6,275,"7",275
800,6,275,"8",275
800,6,275,"9",275
800,6,52,"5",52
800,6,76,"5",76
800,6,130,"7",130
800,6,130,"8",130
800,6,203,"12",203
800,6,215,"11",215
800,6,215,"12",215
800,6,284,"1",284
800,6,284,"10",284
800,6,284,"12",284
800,6,284,"2",284
800,6,284,"3",284
800,6,284,"4",284
800,6,284,"7",284
800,6,284,"8",284
800,6,60,"10",60
800,6,60,"11",60
800,6,60,"12",60
800,6,60,"5",60
800,6,60,"7",60
800,6,60,"8",60
800,6,60,"9",60
800,6,55,"10",55
800,6,55,"12",55
800,6,55,"13",55
800,6,55,"14",55
800,6,55,"3",55
800,6,55,"4",55
800,6,55,"5",55
800,6,55,"7",55
800,6,55,"8",55
800,6,55,"9",55
800,6,202,"13",202
800,6,217,"10",217
800,6,217,"5",217
800,6,217,"7",217
800,6,217,"8",217
800,6,217,"9",217
800,6,44,"10",44
800,6,44,"12",44
800,6,44,"5",44
800,6,44,"7",44
800,6,211,"10",211
800,6,211,"14",211
800,6,211,"9",211
800,6,270,"11",270
800,6,270,"13",270
800,6,270,"9",270
800,6,112,"10",112
800,6,170,"1",170
800,6,170,"12",170
800,6,170,"13",170
800,6,170,"14",170
800,6,170,"2",170
800,6,170,"3",170
800,6,170,"4",170
800,6,170,"5",170
800,6,170,"7",170
800,6,170,"8",170
800,6,187,"1",187
800,6,187,"10",187
800,6,187,"11",187
800,6,187,"12",187
800,6,187,"2",187
800,6,187,"5",187
800,6,187,"7",187
800,6,187,"8",187
800,6,187,"9",187
800,6,199,"5",199
800,6,199,"7",199
800,6,199,"8",199
800,6,106,"3",106
800,6,111,"11",111
800,6,111,"14",111
800,6,111,"3",111
800,6,111,"4",111
800,6,111,"5",111
800,6,111,"7",111
800,6,111,"8",111
800,6,274,"10",274
800,6,274,"11",274
800,6,274,"12",274
800,6,274,"13",274
800,6,274,"14",274
800,6,274,"3",274
800,6,274,"4",274
800,6,274,"5",274
800,6,274,"7",274
800,6,274,"8",274
800,6,274,"9",274
800,6,276,"10",276
800,6,276,"5",276
800,6,276,"8",276
800,7,199,"5",199
800,7,199,"6",199
800,7,199,"8",199
800,7,226,"14",226
800,7,241,"10",241
800,7,241,"8",241
800,7,274,"10",274
800,7,274,"11",274
800,7,274,"12",274
800,7,274,"13",274
800,7,274,"14",274
800,7,274,"3",274
800,7,274,"4",274
800,7,274,"5",274
800,7,274,"6",274
800,7,274,"8",274
800,7,274,"9",274
800,7,136,"13",136
800,7,136,"5",136
800,7,136,"8",136
800,7,176,"13",176
800,7,213,"8",213
800,7,253,"8",253
800,7,50,"10",50
800,7,50,"3",50
800,7,50,"4",50
800,7,50,"5",50
800,7,50,"6",50
800,7,50,"8",50
800,7,50,"9",50
800,7,60,"10",60
800,7,60,"11",60
800,7,60,"12",60
800,7,60,"5",60
800,7,60,"6",60
800,7,60,"8",60
800,7,60,"9",60
800,7,92,"10",92
800,7,92,"11",92
800,7,92,"12",92
800,7,92,"13",92
800,7,92,"14",92
800,7,92,"3",92
800,7,92,"5",92
800,7,92,"6",92
800,7,92,"8",92
800,7,92,"9",92
800,7,217,"10",217
800,7,217,"5",217
800,7,217,"6",217
800,7,217,"8",217
800,7,217,"9",217
800,7,266,"10",266
800,7,266,"8",266
800,7,266,"9",266
800,7,275,"10",275
800,7,275,"11",275
800,7,275,"12",275
800,7,275,"13",275
800,7,275,"14",275
800,7,275,"3",275
800,7,275,"4",275
800,7,275,"5",275
800,7,275,"6",275
800,7,275,"8",275
800,7,275,"9",275
800,7,143,"12",143
800,7,145,"4",145
800,7,165,"10",165
800,7,165,"11",165
800,7,165,"12",165
800,7,165,"13",165
800,7,165,"14",165
800,7,165,"5",165
800,7,165,"6",165
800,7,165,"8",165
800,7,165,"9",165
800,7,284,"1",284
800,7,284,"10",284
800,7,284,"12",284
800,7,284,"2",284
800,7,284,"3",284
800,7,284,"4",284
800,7,284,"6",284
800,7,284,"8",284
800,7,73,"5",73
800,7,73,"8",73
800,7,98,"12",98
800,7,98,"13",98
800,7,44,"10",44
800,7,44,"12",44
800,7,44,"5",44
800,7,44,"6",44
800,7,56,"10",56
800,7,56,"12",56
800,7,56,"5",56
800,7,55,"10",55
800,7,55,"12",55
800,7,55,"13",55
800,7,55,"14",55
800,7,55,"3",55
800,7,55,"4",55
800,7,55,"5",55
800,7,55,"6",55
800,7,55,"8",55
800,7,55,"9",55
800,7,111,"11",111
800,7,111,"14",111
800,7,111,"3",111
800,7,111,"4",111
800,7,111,"5",111
800,7,111,"6",111
800,7,111,"8",111
800,7,170,"1",170
800,7,170,"12",170
800,7,170,"13",170
800,7,170,"14",170
800,7,170,"2",170
800,7,170,"3",170
800,7,170,"4",170
800,7,170,"5",170
800,7,170,"6",170
800,7,170,"8",170
800,7,187,"1",187
800,7,187,"10",187
800,7,187,"11",187
800,7,187,"12",187
800,7,187,"2",187
800,7,187,"5",187
800,7,187,"6",187
800,7,187,"8",187
800,7,187,"9",187
800,7,212,"2",212
800,7,235,"12",235
800,7,235,"3",235
800,7,235,"4",235
800,7,235,"5",235
800,7,235,"6",235
800,7,235,"8",235
800,7,238,"11",238
800,7,238,"12",238
800,7,238,"8",238
800,7,62,"11",62
800,7,62,"12",62
800,7,192,"11",192
800,7,192,"12",192
800,7,192,"14",192
800,7,192,"8",192
800,7,218,"10",218
800,7,41,"6",41
800,7,41,"8",41
800,7,130,"6",130
800,7,130,"8",130
800,7,87,"9",87
800,8,135,"9",135
800,8,163,"10",163
800,8,163,"11",163
800,8,163,"12",163
800,8,163,"13",163
800,8,163,"14",163
800,8,163,"3",163
800,8,163,"5",163
800,8,163,"6",163
800,8,163,"9",163
800,8,192,"11",192
800,8,192,"12",192
800,8,192,"14",192
800,8,192,"7",192
800,8,199,"5",199
800,8,199,"6",199
800,8,199,"7",199
800,8,217,"10",217
800,8,217,"5",217
800,8,217,"6",217
800,8,217,"7",217
800,8,217,"9",217
800,8,227,"9",227
800,8,254,"10",254
800,8,254,"14",254
800,8,254,"9",254
800,8,266,"10",266
800,8,266,"7",266
800,8,266,"9",266
800,8,274,"10",274
800,8,274,"11",274
800,8,274,"12",274
800,8,274,"13",274
800,8,274,"14",274
800,8,274,"3",274
800,8,274,"4",274
800,8,274,"5",274
800,8,274,"6",274
800,8,274,"7",274
800,8,274,"9",274
800,8,275,"10",275
800,8,275,"11",275
800,8,275,"12",275
800,8,275,"13",275
800,8,275,"14",275
800,8,275,"3",275
800,8,275,"4",275
800,8,275,"5",275
800,8,275,"6",275
800,8,275,"7",275
800,8,275,"9",275
800,8,276,"10",276
800,8,276,"5",276
800,8,276,"6",276
800,8,50,"10",50
800,8,50,"3",50
800,8,50,"4",50
800,8,50,"5",50
800,8,50,"6",50
800,8,50,"7",50
800,8,50,"9",50
800,8,73,"5",73
800,8,73,"7",73
800,8,101,"10",101
800,8,101,"12",101
800,8,101,"2",101
800,8,101,"3",101
800,8,101,"4",101
800,8,101,"5",101
800,8,136,"13",136
800,8,136,"5",136
800,8,136,"7",136
800,8,137,"10",137
800,8,170,"1",170
800,8,170,"12",170
800,8,170,"13",170
800,8,170,"14",170
800,8,170,"2",170
800,8,170,"3",170
800,8,170,"4",170
800,8,170,"5",170
800,8,170,"6",170
800,8,170,"7",170
800,8,187,"1",187
800,8,187,"10",187
800,8,187,"11",187
800,8,187,"12",187
800,8,187,"2",187
800,8,187,"5",187
800,8,187,"6",187
800,8,187,"7",187
800,8,187,"9",187
800,8,213,"7",213
800,8,243,"11",243
800,8,243,"12",243
800,8,243,"13",243
800,8,253,"7",253
800,8,60,"10",60
800,8,60,"11",60
800,8,60,"12",60
800,8,60,"5",60
800,8,60,"6",60
800,8,60,"7",60
800,8,60,"9",60
800,8,84,"12",84
800,8,84,"4",84
800,8,92,"10",92
800,8,92,"11",92
800,8,92,"12",92
800,8,92,"13",92
800,8,92,"14",92
800,8,92,"3",92
800,8,92,"5",92
800,8,92,"6",92
800,8,92,"7",92
800,8,92,"9",92
800,8,130,"6",130
800,8,130,"7",130
800,8,140,"10",140
800,8,140,"14",140
800,8,165,"10",165
800,8,165,"11",165
800,8,165,"12",165
800,8,165,"13",165
800,8,165,"14",165
800,8,165,"5",165
800,8,165,"6",165
800,8,165,"7",165
800,8,165,"9",165
800,8,284,"1",284
800,8,284,"10",284
800,8,284,"12",284
800,8,284,"2",284
800,8,284,"3",284
800,8,284,"4",284
800,8,284,"6",284
800,8,284,"7",284
800,8,55,"10",55
800,8,55,"12",55
800,8,55,"13",55
800,8,55,"14",55
800,8,55,"3",55
800,8,55,"4",55
800,8,55,"5",55
800,8,55,"6",55
800,8,55,"7",55
800,8,55,"9",55
800,8,109,"10",109
800,8,111,"11",111
800,8,111,"14",111
800,8,111,"3",111
800,8,111,"4",111
800,8,111,"5",111
800,8,111,"6",111
800,8,111,"7",111
800,8,235,"12",235
800,8,235,"3",235
800,8,235,"4",235
800,8,235,"5",235
800,8,235,"6",235
800,8,235,"7",235
800,8,238,"11",238
800,8,238,"12",238
800,8,238,"7",238
800,8,241,"10",241
800,8,241,"7",241
800,8,216,"1",216
800,8,216,"11",216
800,8,216,"12",216
800,8,216,"2",216
800,8,216,"3",216
800,8,216,"4",216
800,8,167,"9",167
800,8,41,"6",41
800,8,41,"7",41
800,9,126,"10",126
800,9,126,"11",126
800,9,126,"13",126
800,9,126,"14",126
800,9,135,"8",135
800,9,165,"10",165
800,9,165,"11",165
800,9,165,"12",165
800,9,165,"13",165
800,9,165,"14",165
800,9,165,"5",165
800,9,165,"6",165
800,9,165,"7",165
800,9,165,"8",165
800,9,166,"10",166
800,9,181,"10",181
800,9,227,"8",227
800,9,254,"10",254
800,9,254,"14",254
800,9,254,"8",254
800,9,274,"10",274
800,9,274,"11",274
800,9,274,"12",274
800,9,274,"13",274
800,9,274,"14",274
800,9,274,"3",274
800,9,274,"4",274
800,9,274,"5",274
800,9,274,"6",274
800,9,274,"7",274
800,9,274,"8",274
800,9,275,"10",275
800,9,275,"11",275
800,9,275,"12",275
800,9,275,"13",275
800,9,275,"14",275
800,9,275,"3",275
800,9,275,"4",275
800,9,275,"5",275
800,9,275,"6",275
800,9,275,"7",275
800,9,275,"8",275
800,9,278,"10",278
800,9,81,"3",81
800,9,81,"4",81
800,9,92,"10",92
800,9,92,"11",92
800,9,92,"12",92
800,9,92,"13",92
800,9,92,"14",92
800,9,92,"3",92
800,9,92,"5",92
800,9,92,"6",92
800,9,92,"7",92
800,9,92,"8",92
800,9,163,"10",163
800,9,163,"11",163
800,9,163,"12",163
800,9,163,"13",163
800,9,163,"14",163
800,9,163,"3",163
800,9,163,"5",163
800,9,163,"6",163
800,9,163,"8",163
800,9,50,"10",50
800,9,50,"3",50
800,9,50,"4",50
800,9,50,"5",50
800,9,50,"6",50
800,9,50,"7",50
800,9,50,"8",50
800,9,55,"10",55
800,9,55,"12",55
800,9,55,"13",55
800,9,55,"14",55
800,9,55,"3",55
800,9,55,"4",55
800,9,55,"5",55
800,9,55,"6",55
800,9,55,"7",55
800,9,55,"8",55
800,9,138,"10",138
800,9,138,"11",138
800,9,138,"12",138
800,9,138,"13",138
800,9,138,"14",138
800,9,187,"1",187
800,9,187,"10",187
800,9,187,"11",187
800,9,187,"12",187
800,9,187,"2",187
800,9,187,"5",187
800,9,187,"6",187
800,9,187,"7",187
800,9,187,"8",187
800,9,242,"1",242
800,9,242,"10",242
800,9,242,"14",242
800,9,242,"2",242
800,9,242,"3",242
800,9,242,"4",242
800,9,60,"10",60
800,9,60,"11",60
800,9,60,"12",60
800,9,60,"5",60
800,9,60,"6",60
800,9,60,"7",60
800,9,60,"8",60
800,9,175,"10",175
800,9,167,"8",167
800,9,211,"10",211
800,9,211,"14",211
800,9,211,"6",211
800,9,217,"10",217
800,9,217,"5",217
800,9,217,"6",217
800,9,217,"7",217
800,9,217,"8",217
800,9,141,"10",141
800,9,141,"11",141
800,9,141,"12",141
800,9,141,"13",141
800,9,141,"14",141
800,9,266,"10",266
800,9,266,"7",266
800,9,266,"8",266
800,9,104,"1",104
800,9,270,"11",270
800,9,270,"13",270
800,9,270,"6",270
800,9,87,"7",87
800,1,26,"10",26
800,1,26,"11",26
800,1,26,"12",26
800,1,26,"13",26
800,1,26,"14",26
800,1,26,"3",26
800,1,26,"4",26
800,1,26,"5",26
800,1,26,"6",26
800,1,26,"7",26
800,1,31,"10",31
800,1,31,"11",31
800,1,31,"14",31
800,1,31,"5",31
800,1,31,"6",31
800,1,31,"7",31
800,1,31,"8",31
800,1,12,"12",12
800,1,12,"13",12
800,1,12,"2",12
800,1,12,"3",12
800,1,12,"5",12
800,1,12,"8",12
800,1,28,"10",28
800,1,13,"11",13
800,1,13,"7",13
800,1,36,"10",36
800,1,4,"10",4
800,1,4,"12",4
800,1,4,"7",4
800,1,8,"10",8
800,1,8,"11",8
800,1,8,"12",8
800,1,8,"13",8
800,1,8,"14",8
800,1,8,"2",8
800,1,8,"3",8
800,1,8,"4",8
800,1,8,"5",8
800,1,8,"6",8
800,1,8,"7",8
800,1,8,"8",8
800,1,8,"9",8
800,1,9,"10",9
800,1,9,"11",9
800,1,9,"12",9
800,1,9,"13",9
800,1,9,"14",9
800,1,9,"2",9
800,1,9,"3",9
800,1,9,"4",9
800,1,9,"5",9
800,1,9,"6",9
800,1,9,"7",9
800,1,9,"8",9
800,1,9,"9",9
800,10,26,"1",26
800,10,26,"11",26
800,10,26,"12",26
800,10,26,"13",26
800,10,26,"14",26
800,10,26,"3",26
800,10,26,"4",26
800,10,26,"5",26
800,10,26,"6",26
800,10,26,"7",26
800,10,28,"1",28
800,10,20,"6",20
800,10,4,"1",4
800,10,4,"12",4
800,10,4,"7",4
800,10,14,"14",14
800,10,14,"7",14
800,10,14,"8",14
800,10,14,"9",14
800,10,33,"7",33
800,10,33,"8",33
800,10,34,"11",34
800,10,34,"4",34
800,10,34,"9",34
800,10,17,"12",17
800,10,17,"13",17
800,10,17,"14",17
800,10,17,"2",17
800,10,17,"3",17
800,10,17,"4",17
800,10,17,"5",17
800,10,17,"6",17
800,10,17,"7",17
800,10,17,"8",17
800,10,17,"9",17
800,10,36,"1",36
800,10,31,"1",31
800,10,31,"11",31
800,10,31,"14",31
800,10,31,"5",31
800,10,31,"6",31
800,10,31,"7",31
800,10,31,"8",31
800,10,38,"11",38
800,10,38,"14",38
800,10,38,"2",38
800,10,38,"3",38
800,10,38,"9",38
800,10,1,"11",1
800,10,1,"12",1
800,10,1,"2",1
800,10,1,"7",1
800,10,1,"9",1
800,10,35,"13",35
800,10,35,"14",35
800,10,35,"2",35
800,10,35,"5",35
800,10,35,"7",35
800,10,35,"8",35
800,10,35,"9",35
800,10,10,"11",10
800,10,10,"12",10
800,10,10,"2",10
800,10,10,"4",10
800,10,10,"5",10
800,10,10,"7",10
800,10,10,"8",10
800,10,8,"1",8
800,10,8,"11",8
800,10,8,"12",8
800,10,8,"13",8
800,10,8,"14",8
800,10,8,"2",8
800,10,8,"3",8
800,10,8,"4",8
800,10,8,"5",8
800,10,8,"6",8
800,10,8,"7",8
800,10,8,"8",8
800,10,8,"9",8
800,10,9,"1",9
800,10,9,"11",9
800,10,9,"12",9
800,10,9,"13",9
800,10,9,"14",9
800,10,9,"2",9
800,10,9,"3",9
800,10,9,"4",9
800,10,9,"5",9
800,10,9,"6",9
800,10,9,"7",9
800,10,9,"8",9
800,10,9,"9",9
800,11,32,"9",32
800,11,38,"10",38
800,11,38,"14",38
800,11,38,"2",38
800,11,38,"3",38
800,11,38,"9",38
800,11,13,"1",13
800,11,13,"7",13
800,11,10,"10",10
800,11,10,"12",10
800,11,10,"2",10
800,11,10,"4",10
800,11,10,"5",10
800,11,10,"7",10
800,11,10,"8",10
800,11,1,"10",1
800,11,1,"12",1
800,11,1,"2",1
800,11,1,"7",1
800,11,1,"9",1
800,11,26,"1",26
800,11,26,"10",26
800,11,26,"12",26
800,11,26,"13",26
800,11,26,"14",26
800,11,26,"3",26
800,11,26,"4",26
800,11,26,"5",26
800,11,26,"6",26
800,11,26,"7",26
800,11,31,"1",31
800,11,31,"10",31
800,11,31,"14",31
800,11,31,"5",31
800,11,31,"6",31
800,11,31,"7",31
800,11,31,"8",31
800,11,34,"10",34
800,11,34,"4",34
800,11,34,"9",34
800,11,16,"7",16
800,11,16,"8",16
800,11,16,"9",16
800,11,8,"1",8
800,11,8,"10",8
800,11,8,"12",8
800,11,8,"13",8
800,11,8,"14",8
800,11,8,"2",8
800,11,8,"3",8
800,11,8,"4",8
800,11,8,"5",8
800,11,8,"6",8
800,11,8,"7",8
800,11,8,"8",8
800,11,8,"9",8
800,11,9,"1",9
800,11,9,"10",9
800,11,9,"12",9
800,11,9,"13",9
800,11,9,"14",9
800,11,9,"2",9
800,11,9,"3",9
800,11,9,"4",9
800,11,9,"5",9
800,11,9,"6",9
800,11,9,"7",9
800,11,9,"8",9
800,11,9,"9",9
800,12,4,"1",4
800,12,4,"10",4
800,12,4,"7",4
800,12,39,"2",39
800,12,26,"1",26
800,12,26,"10",26
800,12,26,"11",26
800,12,26,"13",26
800,12,26,"14",26
800,12,26,"3",26
800,12,26,"4",26
800,12,26,"5",26
800,12,26,"6",26
800,12,26,"7",26
800,12,10,"10",10
800,12,10,"11",10
800,12,10,"2",10
800,12,10,"4",10
800,12,10,"5",10
800,12,10,"7",10
800,12,10,"8",10
800,12,17,"10",17
800,12,17,"13",17
800,12,17,"14",17
800,12,17,"2",17
800,12,17,"3",17
800,12,17,"4",17
800,12,17,"5",17
800,12,17,"6",17
800,12,17,"7",17
800,12,17,"8",17
800,12,17,"9",17
800,12,1,"10",1
800,12,1,"11",1
800,12,1,"2",1
800,12,1,"7",1
800,12,1,"9",1
800,12,37,"3",37
800,12,37,"6",37
800,12,12,"1",12
800,12,12,"13",12
800,12,12,"2",12
800,12,12,"3",12
800,12,12,"5",12
800,12,12,"8",12
800,12,8,"1",8
800,12,8,"10",8
800,12,8,"11",8
800,12,8,"13",8
800,12,8,"14",8
800,12,8,"2",8
800,12,8,"3",8
800,12,8,"4",8
800,12,8,"5",8
800,12,8,"6",8
800,12,8,"7",8
800,12,8,"8",8
800,12,8,"9",8
800,12,9,"1",9
800,12,9,"10",9
800,12,9,"11",9
800,12,9,"13",9
800,12,9,"14",9
800,12,9,"2",9
800,12,9,"3",9
800,12,9,"4",9
800,12,9,"5",9
800,12,9,"6",9
800,12,9,"7",9
800,12,9,"8",9
800,12,9,"9",9
800,13,35,"10",35
800,13,35,"14",35
800,13,35,"2",35
800,13,35,"5",35
800,13,35,"7",35
800,13,35,"8",35
800,13,35,"9",35
800,13,26,"1",26
800,13,26,"10",26
800,13,26,"11",26
800,13,26,"12",26
800,13,26,"14",26
800,13,26,"3",26
800,13,26,"4",26
800,13,26,"5",26
800,13,26,"6",26
800,13,26,"7",26
800,13,27,"8",27
800,13,12,"1",12
800,13,12,"12",12
800,13,12,"2",12
800,13,12,"3",12
800,13,12,"5",12
800,13,12,"8",12
800,13,17,"10",17
800,13,17,"12",17
800,13,17,"14",17
800,13,17,"2",17
800,13,17,"3",17
800,13,17,"4",17
800,13,17,"5",17
800,13,17,"6",17
800,13,17,"7",17
800,13,17,"8",17
800,13,17,"9",17
800,13,5,"6",5
800,13,5,"8",5
800,13,5,"9",5
800,13,8,"1",8
800,13,8,"10",8
800,13,8,"11",8
800,13,8,"12",8
800,13,8,"14",8
800,13,8,"2",8
800,13,8,"3",8
800,13,8,"4",8
800,13,8,"5",8
800,13,8,"6",8
800,13,8,"7",8
800,13,8,"8",8
800,13,8,"9",8
800,13,9,"1",9
800,13,9,"10",9
800,13,9,"11",9
800,13,9,"12",9
800,13,9,"14",9
800,13,9,"2",9
800,13,9,"3",9
800,13,9,"4",9
800,13,9,"5",9
800,13,9,"6",9
800,13,9,"7",9
800,13,9,"8",9
800,13,9,"9",9
800,14,26,"1",26
800,14,26,"10",26
800,14,26,"11",26
800,14,26,"12",26
800,14,26,"13",26
800,14,26,"3",26
800,14,26,"4",26
800,14,26,"5",26
800,14,26,"6",26
800,14,26,"7",26
800,14,38,"10",38
800,14,38,"11",38
800,14,38,"2",38
800,14,38,"3",38
800,14,38,"9",38
800,14,14,"10",14
800,14,14,"7",14
800,14,14,"8",14
800,14,14,"9",14
800,14,23,"2",23
800,14,17,"10",17
800,14,17,"12",17
800,14,17,"13",17
800,14,17,"2",17
800,14,17,"3",17
800,14,17,"4",17
800,14,17,"5",17
800,14,17,"6",17
800,14,17,"7",17
800,14,17,"8",17
800,14,17,"9",17
800,14,35,"10",35
800,14,35,"13",35
800,14,35,"2",35
800,14,35,"5",35
800,14,35,"7",35
800,14,35,"8",35
800,14,35,"9",35
800,14,15,"4",15
800,14,15,"6",15
800,14,31,"1",31
800,14,31,"10",31
800,14,31,"11",31
800,14,31,"5",31
800,14,31,"6",31
800,14,31,"7",31
800,14,31,"8",31
800,14,8,"1",8
800,14,8,"10",8
800,14,8,"11",8
800,14,8,"12",8
800,14,8,"13",8
800,14,8,"2",8
800,14,8,"3",8
800,14,8,"4",8
800,14,8,"5",8
800,14,8,"6",8
800,14,8,"7",8
800,14,8,"8",8
800,14,8,"9",8
800,14,9,"1",9
800,14,9,"10",9
800,14,9,"11",9
800,14,9,"12",9
800,14,9,"13",9
800,14,9,"2",9
800,14,9,"3",9
800,14,9,"4",9
800,14,9,"5",9
800,14,9,"6",9
800,14,9,"7",9
800,14,9,"8",9
800,14,9,"9",9
800,2,12,"1",12
800,2,12,"12",12
800,2,12,"13",12
800,2,12,"3",12
800,2,12,"5",12
800,2,12,"8",12
800,2,38,"10",38
800,2,38,"11",38
800,2,38,"14",38
800,2,38,"3",38
800,2,38,"9",38
800,2,1,"10",1
800,2,1,"11",1
800,2,1,"12",1
800,2,1,"7",1
800,2,1,"9",1
800,2,17,"10",17
800,2,17,"12",17
800,2,17,"13",17
800,2,17,"14",17
800,2,17,"3",17
800,2,17,"4",17
800,2,17,"5",17
800,2,17,"6",17
800,2,17,"7",17
800,2,17,"8",17
800,2,17,"9",17
800,2,39,"12",39
800,2,23,"14",23
800,2,10,"10",10
800,2,10,"11",10
800,2,10,"12",10
800,2,10,"4",10
800,2,10,"5",10
800,2,10,"7",10
800,2,10,"8",10
800,2,35,"10",35
800,2,35,"13",35
800,2,35,"14",35
800,2,35,"5",35
800,2,35,"7",35
800,2,35,"8",35
800,2,35,"9",35
800,2,8,"1",8
800,2,8,"10",8
800,2,8,"11",8
800,2,8,"12",8
800,2,8,"13",8
800,2,8,"14",8
800,2,8,"3",8
800,2,8,"4",8
800,2,8,"5",8
800,2,8,"6",8
800,2,8,"7",8
800,2,8,"8",8
800,2,8,"9",8
800,2,9,"1",9
800,2,9,"10",9
800,2,9,"11",9
800,2,9,"12",9
800,2,9,"13",9
800,2,9,"14",9
800,2,9,"3",9
800,2,9,"4",9
800,2,9,"5",9
800,2,9,"6",9
800,2,9,"7",9
800,2,9,"8",9
800,2,9,"9",9
800,3,37,"12",37
800,3,37,"6",37
800,3,38,"10",38
800,3,38,"11",38
800,3,38,"14",38
800,3,38,"2",38
800,3,38,"9",38
800,3,12,"1",12
800,3,12,"12",12
800,3,12,"13",12
800,3,12,"2",12
800,3,12,"5",12
800,3,12,"8",12
800,3,17,"10",17
800,3,17,"12",17
800,3,17,"13",17
800,3,17,"14",17
800,3,17,"2",17
800,3,17,"4",17
800,3,17,"5",17
800,3,17,"6",17
800,3,17,"7",17
800,3,17,"8",17
800,3,17,"9",17
800,3,26,"1",26
800,3,26,"10",26
800,3,26,"11",26
800,3,26,"12",26
800,3,26,"13",26
800,3,26,"14",26
800,3,26,"4",26
800,3,26,"5",26
800,3,26,"6",26
800,3,26,"7",26
800,3,8,"1",8
800,3,8,"10",8
800,3,8,"11",8
800,3,8,"12",8
800,3,8,"13",8
800,3,8,"14",8
800,3,8,"2",8
800,3,8,"4",8
800,3,8,"5",8
800,3,8,"6",8
800,3,8,"7",8
800,3,8,"8",8
800,3,8,"9",8
800,3,9,"1",9
800,3,9,"10",9
800,3,9,"11",9
800,3,9,"12",9
800,3,9,"13",9
800,3,9,"14",9
800,3,9,"2",9
800,3,9,"4",9
800,3,9,"5",9
800,3,9,"6",9
800,3,9,"7",9
800,3,9,"8",9
800,3,9,"9",9
800,4,34,"10",34
800,4,34,"11",34
800,4,34,"9",34
800,4,15,"14",15
800,4,15,"6",15
800,4,26,"1",26
800,4,26,"10",26
800,4,26,"11",26
800,4,26,"12",26
800,4,26,"13",26
800,4,26,"14",26
800,4,26,"3",26
800,4,26,"5",26
800,4,26,"6",26
800,4,26,"7",26
800,4,17,"10",17
800,4,17,"12",17
800,4,17,"13",17
800,4,17,"14",17
800,4,17,"2",17
800,4,17,"3",17
800,4,17,"5",17
800,4,17,"6",17
800,4,17,"7",17
800,4,17,"8",17
800,4,17,"9",17
800,4,3,"8",3
800,4,10,"10",10
800,4,10,"11",10
800,4,10,"12",10
800,4,10,"2",10
800,4,10,"5",10
800,4,10,"7",10
800,4,10,"8",10
800,4,8,"1",8
800,4,8,"10",8
800,4,8,"11",8
800,4,8,"12",8
800,4,8,"13",8
800,4,8,"14",8
800,4,8,"2",8
800,4,8,"3",8
800,4,8,"5",8
800,4,8,"6",8
800,4,8,"7",8
800,4,8,"8",8
800,4,8,"9",8
800,4,9,"1",9
800,4,9,"10",9
800,4,9,"11",9
800,4,9,"12",9
800,4,9,"13",9
800,4,9,"14",9
800,4,9,"2",9
800,4,9,"3",9
800,4,9,"5",9
800,4,9,"6",9
800,4,9,"7",9
800,4,9,"8",9
800,4,9,"9",9
800,5,10,"10",10
800,5,10,"11",10
800,5,10,"12",10
800,5,10,"2",10
800,5,10,"4",10
800,5,10,"7",10
800,5,10,"8",10
800,5,12,"1",12
800,5,12,"12",12
800,5,12,"13",12
800,5,12,"2",12
800,5,12,"3",12
800,5,12,"8",12
800,5,17,"10",17
800,5,17,"12",17
800,5,17,"13",17
800,5,17,"14",17
800,5,17,"2",17
800,5,17,"3",17
800,5,17,"4",17
800,5,17,"6",17
800,5,17,"7",17
800,5,17,"8",17
800,5,17,"9",17
800,5,26,"1",26
800,5,26,"10",26
800,5,26,"11",26
800,5,26,"12",26
800,5,26,"13",26
800,5,26,"14",26
800,5,26,"3",26
800,5,26,"4",26
800,5,26,"6",26
800,5,26,"7",26
800,5,35,"10",35
800,5,35,"13",35
800,5,35,"14",35
800,5,35,"2",35
800,5,35,"7",35
800,5,35,"8",35
800,5,35,"9",35
800,5,31,"1",31
800,5,31,"10",31
800,5,31,"11",31
800,5,31,"14",31
800,5,31,"6",31
800,5,31,"7",31
800,5,31,"8",31
800,5,8,"1",8
800,5,8,"10",8
800,5,8,"11",8
800,5,8,"12",8
800,5,8,"13",8
800,5,8,"14",8
800,5,8,"2",8
800,5,8,"3",8
800,5,8,"4",8
800,5,8,"6",8
800,5,8,"7",8
800,5,8,"8",8
800,5,8,"9",8
800,5,9,"1",9
800,5,9,"10",9
800,5,9,"11",9
800,5,9,"12",9
800,5,9,"13",9
800,5,9,"14",9
800,5,9,"2",9
800,5,9,"3",9
800,5,9,"4",9
800,5,9,"6",9
800,5,9,"7",9
800,5,9,"8",9
800,5,9,"9",9
800,6,5,"13",5
800,6,5,"8",5
800,6,5,"9",5
800,6,20,"10",20
800,6,26,"1",26
800,6,26,"10",26
800,6,26,"11",26
800,6,26,"12",26
800,6,26,"13",26
800,6,26,"14",26
800,6,26,"3",26
800,6,26,"4",26
800,6,26,"5",26
800,6,26,"7",26
800,6,37,"12",37
800,6,37,"3",37
800,6,15,"14",15
800,6,15,"4",15
800,6,31,"1",31
800,6,31,"10",31
800,6,31,"11",31
800,6,31,"14",31
800,6,31,"5",31
800,6,31,"7",31
800,6,31,"8",31
800,6,17,"10",17
800,6,17,"12",17
800,6,17,"13",17
800,6,17,"14",17
800,6,17,"2",17
800,6,17,"3",17
800,6,17,"4",17
800,6,17,"5",17
800,6,17,"7",17
800,6,17,"8",17
800,6,17,"9",17
800,6,8,"1",8
800,6,8,"10",8
800,6,8,"11",8
800,6,8,"12",8
800,6,8,"13",8
800,6,8,"14",8
800,6,8,"2",8
800,6,8,"3",8
800,6,8,"4",8
800,6,8,"5",8
800,6,8,"7",8
800,6,8,"8",8
800,6,8,"9",8
800,6,9,"1",9
800,6,9,"10",9
800,6,9,"11",9
800,6,9,"12",9
800,6,9,"13",9
800,6,9,"14",9
800,6,9,"2",9
800,6,9,"3",9
800,6,9,"4",9
800,6,9,"5",9
800,6,9,"7",9
800,6,9,"8",9
800,6,9,"9",9
800,7,35,"10",35
800,7,35,"13",35
800,7,35,"14",35
800,7,35,"2",35
800,7,35,"5",35
800,7,35,"8",35
800,7,35,"9",35
800,7,33,"10",33
800,7,33,"8",33
800,7,4,"1",4
800,7,4,"10",4
800,7,4,"12",4
800,7,31,"1",31
800,7,31,"10",31
800,7,31,"11",31
800,7,31,"14",31
800,7,31,"5",31
800,7,31,"6",31
800,7,31,"8",31
800,7,10,"10",10
800,7,10,"11",10
800,7,10,"12",10
800,7,10,"2",10
800,7,10,"4",10
800,7,10,"5",10
800,7,10,"8",10
800,7,13,"1",13
800,7,13,"11",13
800,7,26,"1",26
800,7,26,"10",26
800,7,26,"11",26
800,7,26,"12",26
800,7,26,"13",26
800,7,26,"14",26
800,7,26,"3",26
800,7,26,"4",26
800,7,26,"5",26
800,7,26,"6",26
800,7,17,"10",17
800,7,17,"12",17
800,7,17,"13",17
800,7,17,"14",17
800,7,17,"2",17
800,7,17,"3",17
800,7,17,"4",17
800,7,17,"5",17
800,7,17,"6",17
800,7,17,"8",17
800,7,17,"9",17
800,7,1,"10",1
800,7,1,"11",1
800,7,1,"12",1
800,7,1,"2",1
800,7,1,"9",1
800,7,14,"10",14
800,7,14,"14",14
800,7,14,"8",14
800,7,14,"9",14
800,7,16,"11",16
800,7,16,"8",16
800,7,16,"9",16
800,7,11,"9",11
800,7,8,"1",8
800,7,8,"10",8
800,7,8,"11",8
800,7,8,"12",8
800,7,8,"13",8
800,7,8,"14",8
800,7,8,"2",8
800,7,8,"3",8
800,7,8,"4",8
800,7,8,"5",8
800,7,8,"6",8
800,7,8,"8",8
800,7,8,"9",8
800,7,9,"1",9
800,7,9,"10",9
800,7,9,"11",9
800,7,9,"12",9
800,7,9,"13",9
800,7,9,"14",9
800,7,9,"2",9
800,7,9,"3",9
800,7,9,"4",9
800,7,9,"5",9
800,7,9,"6",9
800,7,9,"8",9
800,7,9,"9",9
800,8,16,"11",16
800,8,16,"7",16
800,8,16,"9",16
800,8,17,"10",17
800,8,17,"12",17
800,8,17,"13",17
800,8,17,"14",17
800,8,17,"2",17
800,8,17,"3",17
800,8,17,"4",17
800,8,17,"5",17
800,8,17,"6",17
800,8,17,"7",17
800,8,17,"9",17
800,8,10,"10",10
800,8,10,"11",10
800,8,10,"12",10
800,8,10,"2",10
800,8,10,"4",10
800,8,10,"5",10
800,8,10,"7",10
800,8,5,"13",5
800,8,5,"6",5
800,8,5,"9",5
800,8,27,"13",27
800,8,3,"4",3
800,8,33,"10",33
800,8,33,"7",33
800,8,31,"1",31
800,8,31,"10",31
800,8,31,"11",31
800,8,31,"14",31
800,8,31,"5",31
800,8,31,"6",31
800,8,31,"7",31
800,8,12,"1",12
800,8,12,"12",12
800,8,12,"13",12
800,8,12,"2",12
800,8,12,"3",12
800,8,12,"5",12
800,8,14,"10",14
800,8,14,"14",14
800,8,14,"7",14
800,8,14,"9",14
800,8,35,"10",35
800,8,35,"13",35
800,8,35,"14",35
800,8,35,"2",35
800,8,35,"5",35
800,8,35,"7",35
800,8,35,"9",35
800,8,8,"1",8
800,8,8,"10",8
800,8,8,"11",8
800,8,8,"12",8
800,8,8,"13",8
800,8,8,"14",8
800,8,8,"2",8
800,8,8,"3",8
800,8,8,"4",8
800,8,8,"5",8
800,8,8,"6",8
800,8,8,"7",8
800,8,8,"9",8
800,8,9,"1",9
800,8,9,"10",9
800,8,9,"11",9
800,8,9,"12",9
800,8,9,"13",9
800,8,9,"14",9
800,8,9,"2",9
800,8,9,"3",9
800,8,9,"4",9
800,8,9,"5",9
800,8,9,"6",9
800,8,9,"7",9
800,8,9,"9",9
800,9,1,"10",1
800,9,1,"11",1
800,9,1,"12",1
800,9,1,"2",1
800,9,1,"7",1
800,9,38,"10",38
800,9,38,"11",38
800,9,38,"14",38
800,9,38,"2",38
800,9,38,"3",38
800,9,16,"11",16
800,9,16,"7",16
800,9,16,"8",16
800,9,17,"10",17
800,9,17,"12",17
800,9,17,"13",17
800,9,17,"14",17
800,9,17,"2",17
800,9,17,"3",17
800,9,17,"4",17
800,9,17,"5",17
800,9,17,"6",17
800,9,17,"7",17
800,9,17,"8",17
800,9,11,"7",11
800,9,5,"13",5
800,9,5,"6",5
800,9,5,"8",5
800,9,14,"10",14
800,9,14,"14",14
800,9,14,"7",14
800,9,14,"8",14
800,9,32,"11",32
800,9,34,"10",34
800,9,34,"11",34
800,9,34,"4",34
800,9,35,"10",35
800,9,35,"13",35
800,9,35,"14",35
800,9,35,"2",35
800,9,35,"5",35
800,9,35,"7",35
800,9,35,"8",35
800,9,8,"1",8
800,9,8,"10",8
800,9,8,"11",8
800,9,8,"12",8
800,9,8,"13",8
800,9,8,"14",8
800,9,8,"2",8
800,9,8,"3",8
800,9,8,"4",8
800,9,8,"5",8
800,9,8,"6",8
800,9,8,"7",8
800,9,8,"8",8
800,9,9,"1",9
800,9,9,"10",9
800,9,9,"11",9
800,9,9,"12",9
800,9,9,"13",9
800,9,9,"14",9
800,9,9,"2",9
800,9,9,"3",9
800,9,9,"4",9
800,9,9,"5",9
800,9,9,"6",9
800,9,9,"7",9
800,9,9,"8",9
